Angle, Distance
0.186768 0.000000
0.521851 0.000000
0.856934 0.000000
1.296387 5.464000
1.636963 5.360000
1.867676 0.000000
2.307129 6.064000
2.636719 6.080000
2.982788 6.096000
3.312378 6.096000
3.652954 6.104000
3.982544 6.128000
4.323120 6.128000
4.652710 6.112000
4.998779 6.136000
5.322876 6.128000
5.652466 6.120000
5.932617 6.152000
6.278687 6.160000
6.608276 6.208000
6.904907 0.000000
7.239990 0.000000
7.624512 7.792000
7.910156 0.000000
8.854980 1.848000
9.184570 1.844000
9.250488 0.000000
9.530640 1.848000
9.926147 0.000000
10.184326 1.858000
10.261230 0.000000
10.596313 0.000000
10.931396 0.000000
11.266479 0.000000
11.590576 9.064000
11.920166 9.040000
12.260742 9.064000
12.590332 9.104000
12.936401 9.088000
13.282471 0.000000
13.826294 3.676000
13.952637 0.000000
14.293213 0.000000
14.716187 5.208000
14.963379 0.000000
15.298462 0.000000
15.842285 3.620000
16.062012 5.092000
16.303711 0.000000
16.732178 5.104000
16.979370 0.000000
17.314453 0.000000
17.649536 0.000000
18.078003 5.064000
18.319702 0.000000
18.748169 5.056000
18.989868 0.000000
19.467773 4.848000
19.808350 4.816000
20.000610 0.000000
20.335693 0.000000
20.917969 3.472000
21.137695 4.724000
21.483765 4.712000
21.807861 4.704000
22.153931 4.688000
22.483521 4.632000
22.824097 4.576000
23.021851 0.000000
23.356934 0.000000
23.823853 4.592000
24.027100 0.000000
24.367676 0.000000
24.823608 4.576000
25.169678 4.568000
25.499268 4.568000
25.839844 4.560000
26.169434 4.544000
26.515503 4.528000
26.839600 4.496000
27.053833 0.000000
27.388916 0.000000
27.723999 0.000000
28.059082 0.000000
28.515015 4.456000
28.855591 4.440000
29.185181 4.432000
29.531250 4.424000
29.855347 4.400000
30.201416 4.392000
30.410156 0.000000
30.871582 4.376000
31.311035 3.104000
31.651611 3.096000
31.981201 3.092000
32.327271 3.084000
32.651367 3.076000
33.046875 3.052000
33.096313 0.000000
33.431396 0.000000
34.057617 3.028000
34.387207 3.028000
34.716797 3.024000
35.057373 3.016000
35.386963 3.000000
35.447388 0.000000
36.057129 2.992000
36.117554 0.000000
36.452637 0.000000
36.793213 8.048000
37.122803 8.048000
37.463379 0.000000
37.968750 3.956000
38.292847 3.964000
38.638916 3.972000
38.968506 3.976000
39.309082 3.964000
39.638672 3.948000
39.979248 3.960000
40.308838 3.972000
40.484619 0.000000
41.044922 3.424000
41.374512 3.416000
41.698608 3.408000
42.044678 3.400000
42.374268 3.392000
42.714844 3.376000
43.044434 3.364000
43.390503 3.360000
43.714600 3.352000
44.044189 3.332000
44.390259 3.316000
44.714355 3.320000
45.060425 3.312000
45.390015 3.304000
45.730591 3.300000
46.060181 3.284000
46.389771 3.260000
46.730347 3.252000
47.059937 3.252000
47.406006 3.240000
47.730103 3.236000
48.076172 3.232000
48.405762 3.216000
48.729858 3.208000
49.075928 3.196000
49.405518 3.188000
49.746094 3.176000
50.075684 3.172000
50.421753 3.172000
50.745850 3.156000
51.075439 3.144000
51.421509 3.144000
51.745605 3.132000
52.091675 3.116000
52.421265 3.108000
52.761841 3.104000
53.091431 3.100000
53.421021 3.096000
53.761597 3.092000
54.091187 3.100000
54.437256 3.124000
54.761353 3.164000
55.107422 3.208000
55.261230 0.000000
55.717163 3.656000
56.046753 3.676000
56.387329 3.676000
56.716919 3.672000
57.057495 3.656000
57.387085 3.644000
57.716675 3.640000
58.057251 3.640000
58.386841 3.628000
58.732910 3.620000
59.062500 3.612000
59.386597 3.608000
59.732666 3.596000
60.062256 3.576000
60.298462 0.000000
60.633545 0.000000
61.072998 3.588000
61.303711 0.000000
61.572876 7.888000
61.902466 8.056000
62.248535 8.096000
62.649536 0.000000
62.902222 8.064000
63.319702 0.000000
63.577881 7.568000
63.918457 7.576000
64.330444 0.000000
64.665527 0.000000
64.918213 7.632000
65.247803 7.616000
65.670776 0.000000
65.917969 7.520000
66.264038 7.480000
66.676025 0.000000
66.934204 7.488000
67.263794 7.456000
67.593384 7.352000
67.933960 7.336000
68.356934 0.000000
68.692017 0.000000
69.027100 0.000000
69.367676 0.000000
69.702759 0.000000
69.933472 7.808000
70.389404 4.744000
70.713501 4.720000
71.059570 4.696000
71.389160 4.648000
71.729736 4.632000
72.059326 4.656000
72.388916 0.000000
72.723999 0.000000
73.059082 4.712000
73.295288 7.504000
73.624878 7.432000
73.965454 7.384000
74.404907 0.000000
74.739990 0.000000
74.965210 7.448000
75.410156 0.000000
75.745239 0.000000
76.080322 0.000000
76.311035 6.768000
76.750488 0.000000
76.964722 6.760000
77.426147 0.000000
77.761230 0.000000
77.980957 7.512000
78.431396 0.000000
78.766479 0.000000
78.980713 7.480000
79.442139 0.000000
79.777222 0.000000
80.112305 0.000000
80.447388 0.000000
80.782471 0.000000
81.117554 0.000000
81.452637 0.000000
81.793213 0.000000
82.128296 0.000000
82.463379 0.000000
82.798462 0.000000
82.996216 7.344000
83.468628 0.000000
83.803711 0.000000
83.995972 7.424000
84.342041 7.456000
84.671631 7.416000
85.012207 7.416000
85.341797 7.416000
85.671387 7.416000
86.011963 7.344000
86.341553 7.312000
86.830444 0.000000
87.011719 7.416000
87.500610 0.000000
87.835693 0.000000
88.011475 7.128000
88.357544 7.152000
88.687134 7.376000
89.027710 7.472000
89.516602 0.000000
89.983521 2.976000
90.307617 2.996000
90.637207 3.060000
90.917358 3.128000
91.263428 3.192000
91.593018 3.256000
91.917114 3.312000
92.263184 3.400000
92.537842 0.000000
95.729370 0.429000
96.058960 0.425000
96.448975 0.423000
96.795044 0.421000
97.124634 0.420000
97.465210 0.419000
97.794800 0.418000
98.124390 0.417000
98.464966 0.417000
98.580322 0.000000
98.794556 0.419000
98.915405 0.000000
99.140625 0.419000
99.464722 0.419000
99.591064 0.000000
99.810791 0.419000
99.926147 0.000000
100.140381 0.421000
100.261230 0.000000
100.464478 0.423000
100.596313 0.000000
100.744629 0.424000
100.931396 0.000000
101.090698 0.427000
101.266479 0.000000
101.601562 0.000000
101.942139 0.000000
102.090454 0.431000
102.277222 0.000000
102.612305 0.000000
102.947388 0.000000
103.282471 0.000000
103.617554 0.000000
104.155884 2.392000
104.479980 2.388000
104.809570 2.368000
105.155640 2.352000
105.479736 2.344000
105.825806 2.324000
106.155396 2.312000
106.495972 2.300000
106.825562 2.280000
107.171631 2.288000
107.495728 2.288000
107.825317 2.264000
108.171387 2.252000
108.495483 2.240000
108.885498 2.228000
109.231567 2.216000
109.561157 2.204000
109.901733 2.196000
110.231323 2.184000
110.560913 2.176000
110.901489 2.168000
111.231079 2.176000
111.577148 2.200000
111.901245 2.212000
112.247314 2.212000
112.576904 2.216000
112.917480 2.220000
113.247070 2.228000
113.527222 2.240000
113.692017 0.000000
114.027100 0.000000
114.367676 0.000000
114.702759 0.000000
115.037842 0.000000
115.372925 0.000000
115.708008 0.000000
116.043091 0.000000
116.378174 0.000000
116.713257 0.000000
117.053833 0.000000
117.388916 0.000000
117.723999 0.000000
118.059082 0.000000
118.394165 0.000000
118.729248 0.000000
119.064331 0.000000
119.404907 0.000000
119.739990 0.000000
120.075073 0.000000
120.624390 2.076000
120.948486 2.080000
121.278076 2.080000
121.624146 2.092000
121.948242 2.096000
122.294312 2.096000
122.623901 2.100000
122.964478 2.100000
123.294067 2.104000
123.640137 2.104000
123.964233 2.096000
124.293823 2.096000
124.639893 2.096000
124.963989 2.092000
125.310059 2.092000
125.639648 2.096000
125.980225 2.096000
126.309814 2.096000
126.639404 2.092000
126.979980 2.092000
127.309570 2.092000
127.655640 2.088000
127.979736 2.088000
128.325806 2.088000
128.655396 2.092000
128.995972 2.096000
129.325562 2.096000
129.655151 2.096000
129.995728 2.092000
130.325317 2.092000
130.671387 2.092000
130.995483 2.096000
131.341553 2.104000
131.671143 2.104000
131.995239 2.108000
132.341309 2.108000
132.670898 2.108000
133.011475 2.116000
133.341064 2.116000
133.687134 2.108000
134.011230 2.112000
134.357300 2.112000
134.686890 2.116000
135.010986 2.116000
135.357056 2.108000
135.686646 2.112000
136.027222 2.120000
136.356812 2.120000
136.702881 2.116000
137.026978 2.124000
137.356567 2.132000
137.702637 2.140000
138.026733 2.136000
138.372803 2.132000
138.702393 2.136000
139.042969 2.140000
139.372559 2.144000
139.718628 2.148000
140.042725 2.152000
140.388794 2.148000
140.718384 2.148000
140.894165 0.000000
141.229248 0.000000
141.729126 2.156000
141.904907 0.000000
145.936890 0.332000
146.260986 0.331000
146.607056 0.329000
146.936646 0.328000
147.326660 0.326000
147.667236 0.325000
147.996826 0.325000
148.342896 0.324000
148.732910 0.323000
149.062500 0.323000
149.403076 0.322000
149.732666 0.321000
150.073242 0.321000
150.402832 0.320000
150.792847 0.318000
151.138916 0.316000
151.528931 0.315000
151.858521 0.314000
152.199097 0.313000
152.314453 0.000000
152.589111 0.311000
152.918701 0.310000
152.984619 0.000000
153.264771 0.308000
153.319702 0.000000
153.654785 0.306000
153.654785 0.000000
153.984375 0.304000
153.989868 0.000000
154.330444 0.000000
154.374390 0.302000
154.665527 0.000000
154.714966 0.300000
155.000610 0.000000
155.104980 0.298000
155.335693 0.000000
155.451050 0.297000
155.670776 0.000000
155.780640 0.297000
156.005859 0.000000
156.170654 0.296000
156.340942 0.000000
156.676025 0.000000
156.840820 0.295000
157.016602 0.000000
157.351685 0.000000
157.686768 0.000000
161.762695 0.325000
162.108765 0.325000
162.498779 0.322000
162.888794 0.319000
163.218384 0.318000
163.558960 0.316000
163.948975 0.314000
164.278564 0.312000
164.668579 0.311000
165.014648 0.310000
165.338745 0.309000
165.684814 0.308000
166.014404 0.308000
166.354980 0.308000
166.744995 0.307000
167.074585 0.307000
167.420654 0.307000
167.744751 0.306000
168.090820 0.305000
168.420410 0.304000
168.826904 0.303000
169.151001 0.302000
169.480591 0.300000
169.887085 0.299000
170.216675 0.297000
170.606689 0.296000
170.952759 0.295000
171.276855 0.293000
171.622925 0.293000
172.012939 0.292000
172.342529 0.292000
172.683105 0.292000
173.012695 0.292000
173.133545 0.000000
173.358765 0.292000
173.468628 0.000000
173.638916 0.293000
173.803711 0.000000
173.968506 0.293000
174.292603 0.293000
174.638672 0.293000
174.968262 0.294000
175.308838 0.293000
175.698853 0.292000
175.979004 0.293000
176.308594 0.295000
176.698608 0.292000
177.088623 0.289000
178.154297 0.306000
178.434448 0.308000
178.780518 0.309000
179.104614 0.310000
179.434204 0.311000
179.714355 0.312000
180.060425 0.313000
180.390015 0.314000
180.730591 0.315000
181.010742 0.316000
181.340332 0.316000
181.669922 0.317000
182.010498 0.318000
182.340088 0.318000
182.686157 0.318000
183.010254 0.318000
183.356323 0.318000
183.685913 0.318000
184.026489 0.319000
184.356079 0.318000
184.702148 0.317000
185.026245 0.317000
185.372314 0.316000
185.762329 0.315000
186.091919 0.314000
186.421509 0.313000
186.762085 0.312000
187.152100 0.311000
187.481689 0.310000
187.827759 0.309000
188.151855 0.308000
188.541870 0.307000
188.887939 0.306000
189.217529 0.305000
189.558105 0.304000
189.887695 0.304000
190.277710 0.303000
190.623779 0.303000
190.947876 0.302000
191.293945 0.302000
191.623535 0.302000
191.964111 0.302000
192.293701 0.301000
192.639771 0.300000
193.029785 0.299000
193.359375 0.298000
193.749390 0.295000
194.089966 0.294000
194.419556 0.294000
194.749146 0.295000
195.089722 0.295000
195.419312 0.296000
195.765381 0.296000
196.045532 0.297000
196.369629 0.298000
196.715698 0.299000
196.979370 0.301000
197.265015 0.305000
197.605591 0.306000
197.935181 0.307000
198.215332 0.308000
198.605347 0.307000
198.885498 0.309000
199.231567 0.311000
199.561157 0.311000
199.841309 0.312000
200.170898 0.314000
200.335693 0.000000
200.511475 0.314000
200.670776 0.000000
200.841064 0.314000
201.005859 0.000000
201.121216 0.317000
201.340942 0.000000
201.401367 0.320000
201.676025 0.000000
201.730957 0.323000
202.011108 0.327000
202.296753 0.331000
202.576904 0.334000
202.857056 0.337000
203.247070 0.335000
203.356934 0.000000
203.576660 0.334000
203.692017 0.000000
205.416870 0.350000
205.762939 0.347000
206.092529 0.347000
206.433105 0.349000
207.388916 0.353000
207.669067 0.359000
208.059082 0.356000
208.449097 0.351000
208.795166 0.351000
209.124756 0.351000
209.465332 0.351000
209.811401 0.351000
210.135498 0.351000
210.481567 0.351000
210.811157 0.351000
211.091309 0.352000
211.437378 0.352000
211.761475 0.353000
212.107544 0.353000
212.437134 0.354000
212.777710 0.355000
213.107300 0.356000
213.387451 0.357000
213.733521 0.358000
213.766479 0.000000
214.074097 0.360000
214.354248 0.362000
214.442139 0.000000
214.683838 0.366000
214.777222 0.000000
214.963989 0.372000
215.112305 0.000000
215.183716 0.381000
215.419922 0.391000
215.447388 0.000000
215.700073 0.399000
215.782471 0.000000
216.029663 0.402000
216.117554 0.000000
216.309814 0.404000
216.452637 0.000000
216.793213 0.000000
216.979980 0.409000
217.128296 0.000000
217.463379 0.000000
217.798462 0.000000
218.133545 0.000000
218.468628 0.000000
218.803711 0.000000
219.122314 2.888000
219.479370 0.000000
219.814453 0.000000
220.149536 0.000000
220.484619 0.000000
220.819702 0.000000
220.979004 4.456000
221.489868 0.000000
221.830444 0.000000
222.165527 0.000000
222.214966 6.456000
222.544556 6.464000
222.890625 6.496000
223.231201 6.488000
223.840942 0.000000
223.901367 6.520000
224.511108 8.776000
224.516602 0.000000
224.857178 8.840000
225.186768 8.904000
225.527344 8.896000
225.856934 8.864000
226.203003 8.856000
226.543579 8.832000
226.873169 8.856000
227.213745 8.872000
227.543335 8.904000
227.889404 8.920000
228.213501 8.912000
228.559570 8.928000
228.889160 8.968000
229.229736 8.992000
229.559326 8.976000
229.905396 8.960000
230.245972 8.968000
230.894165 0.000000
230.921631 9.096000
231.564331 0.000000
231.762085 4.832000
232.091675 4.800000
232.432251 4.800000
232.761841 4.808000
233.107910 4.816000
233.437500 4.848000
233.778076 4.864000
234.107666 4.888000
234.448242 4.888000
234.794312 4.888000
235.123901 4.904000
235.464478 4.904000
235.810547 4.904000
236.090698 4.920000
236.420288 4.928000
236.760864 4.928000
237.106934 4.928000
237.436523 4.936000
237.777100 4.976000
238.123169 4.984000
238.452759 4.976000
238.793335 4.984000
239.139404 4.984000
239.463501 5.000000
239.809570 5.000000
240.155640 5.008000
240.479736 5.024000
240.968628 0.000000
241.171875 5.048000
241.638794 0.000000
241.979370 0.000000
242.182617 5.016000
242.512207 5.040000
242.858276 5.120000
243.198853 5.144000
243.528442 5.144000
243.874512 5.176000
244.215088 5.176000
244.544678 5.152000
244.885254 5.176000
245.231323 5.184000
245.560913 5.152000
246.005859 0.000000
246.231079 5.192000
246.676025 0.000000
247.016602 0.000000
247.351685 0.000000
247.593384 5.312000
247.933960 5.288000
248.263550 5.328000
248.692017 0.000000
249.027100 0.000000
249.367676 0.000000
249.730225 4.080000
250.037842 0.000000
250.296021 5.320000
250.636597 5.336000
250.982666 5.336000
251.312256 5.352000
251.652832 5.368000
252.053833 0.000000
252.322998 5.360000
252.729492 4.176000
253.059082 0.000000
253.339233 5.384000
253.685303 5.416000
254.025879 5.416000
254.355469 5.400000
254.701538 5.424000
255.075073 0.000000
255.371704 5.472000
255.761719 4.264000
256.080322 0.000000
256.387939 5.480000
256.734009 5.536000
257.091064 0.000000
257.404175 5.536000
257.744751 5.544000
258.096313 0.000000
258.420410 5.624000
258.766479 0.000000
259.090576 5.592000
259.436646 5.536000
259.777222 5.552000
260.106812 5.640000
260.452881 5.688000
260.793457 5.704000
261.117554 0.000000
261.463623 5.728000
261.793213 0.000000
262.139282 5.696000
262.479858 5.624000
262.825928 5.648000
263.155518 5.656000
263.496094 5.672000
263.842163 5.664000
264.138794 0.000000
264.561768 4.520000
264.902344 4.512000
265.248413 4.528000
265.578003 4.544000
265.918579 4.544000
266.264648 4.544000
266.588745 4.560000
266.934814 4.568000
267.280884 4.584000
267.604980 4.592000
267.835693 0.000000
268.231201 5.184000
268.560791 5.176000
268.901367 5.184000
269.230957 5.200000
269.577026 5.208000
269.901123 5.216000
270.247192 5.224000
270.576782 5.248000
270.917358 5.280000
271.263428 5.280000
271.593018 5.296000
271.867676 0.000000
272.202759 0.000000
272.609253 5.360000
272.872925 0.000000
273.208008 0.000000
273.543091 0.000000
273.878174 0.000000
274.213257 0.000000
274.553833 0.000000
274.888916 0.000000
275.223999 0.000000
275.559082 0.000000
275.894165 0.000000
276.229248 0.000000
276.564331 0.000000
276.904907 0.000000
277.239990 0.000000
277.575073 0.000000
277.910156 0.000000
278.245239 0.000000
278.580322 0.000000
278.915405 0.000000
279.250488 0.000000
279.591064 0.000000
279.926147 0.000000
280.261230 0.000000
280.596313 0.000000
280.931396 0.000000
281.266479 0.000000
281.920166 2.876000
281.942139 0.000000
282.277222 0.000000
282.590332 10.792000
282.936401 10.824000
283.260498 10.816000
283.606567 10.840000
283.952637 0.000000
284.386597 5.368000
284.732666 5.336000
285.062256 5.296000
285.402832 5.280000
285.732422 5.256000
286.072998 5.256000
286.402588 5.240000
286.748657 5.200000
287.089233 5.184000
287.418823 5.168000
287.764893 5.160000
288.088989 5.160000
288.435059 5.160000
288.764648 5.152000
289.105225 5.136000
289.434814 5.144000
289.780884 5.120000
290.104980 5.104000
290.451050 5.112000
290.791626 5.104000
291.121216 5.080000
291.467285 5.080000
291.796875 5.064000
292.137451 5.056000
292.467041 5.040000
292.807617 5.024000
293.137207 5.016000
293.483276 5.008000
293.823853 5.000000
294.153442 4.976000
294.499512 4.968000
294.823608 4.960000
295.169678 4.984000
295.499268 4.984000
295.839844 4.984000
296.169434 4.992000
296.378174 0.000000
296.856079 4.960000
297.119751 7.272000
297.465820 7.296000
297.811890 7.304000
298.135986 7.320000
298.482056 7.336000
298.811646 7.320000
299.152222 7.328000
299.481812 7.344000
299.827881 7.360000
300.151978 7.368000
300.410156 0.000000
300.778198 10.176000
301.107788 10.088000
301.448364 10.064000
301.794434 10.016000
302.124023 10.008000
302.464600 10.016000
302.794189 9.976000
303.140259 9.976000
303.464355 9.992000
303.810425 9.992000
304.140015 9.992000
304.480591 10.104000
304.810181 10.264000
305.156250 10.384000
305.496826 10.448000
305.826416 10.440000
306.166992 10.392000
306.496582 10.376000
306.842651 10.392000
307.166748 10.392000
307.512817 10.392000
307.842407 10.392000
308.182983 10.408000
308.512573 10.408000
308.858643 10.296000
309.182739 10.296000
309.528809 10.376000
309.874878 10.336000
310.198975 10.344000
310.545044 10.416000
310.874634 10.472000
311.215210 10.480000
311.544800 10.408000
311.885376 10.384000
312.214966 10.432000
312.500610 0.000000
312.890625 10.464000
313.170776 0.000000
313.687134 5.240000
314.011230 5.280000
314.357300 5.320000
314.686890 5.352000
315.027466 5.376000
315.357056 5.408000
315.703125 5.448000
316.027222 5.464000
316.373291 5.504000
316.713867 5.544000
317.043457 5.576000
317.389526 5.624000
317.713623 5.656000
318.059692 5.688000
318.389282 5.720000
318.729858 5.728000
319.059448 5.744000
319.405518 5.768000
319.729614 5.784000
320.075684 5.800000
320.405273 5.824000
320.745850 5.840000
321.091919 5.832000
321.229248 0.000000
321.564331 0.000000
321.904907 0.000000
322.239990 0.000000
322.575073 0.000000
322.910156 0.000000
323.245239 0.000000
323.580322 0.000000
323.915405 0.000000
324.250488 0.000000
324.591064 0.000000
324.926147 0.000000
325.261230 0.000000
325.596313 0.000000
325.931396 0.000000
326.266479 0.000000
326.601562 0.000000
326.942139 0.000000
327.277222 0.000000
327.612305 0.000000
327.947388 0.000000
328.282471 0.000000
328.617554 0.000000
328.952637 0.000000
329.452515 7.416000
329.628296 0.000000
330.122681 7.472000
330.298462 0.000000
330.633545 0.000000
331.072998 8.416000
331.402588 8.552000
331.748657 8.704000
332.072754 8.832000
332.314453 0.000000
332.649536 0.000000
333.088989 8.920000
333.319702 0.000000
333.654785 0.000000
334.088745 9.464000
334.434814 10.848000
334.764404 10.736000
335.104980 10.568000
335.434570 10.536000
335.780640 10.624000
336.104736 10.600000
336.450806 10.544000
336.780396 10.608000
337.120972 10.616000
337.450562 10.608000
337.796631 10.592000
338.120728 10.584000
338.466797 10.568000
338.796387 10.528000
339.136963 10.576000
339.466553 10.568000
339.807129 10.512000
340.136719 10.528000
340.482788 10.520000
340.812378 10.448000
341.152954 10.392000
341.482544 10.368000
341.713257 0.000000
342.169189 10.344000
342.498779 10.448000
342.839355 10.600000
343.168945 10.624000
343.515015 10.608000
343.839111 10.568000
344.185181 10.560000
344.514771 10.584000
344.855347 10.544000
345.184937 10.512000
345.531006 10.520000
345.855103 10.512000
346.201172 10.520000
346.530762 10.544000
346.871338 10.480000
347.200928 10.424000
347.541504 10.440000
347.871094 10.392000
348.217163 10.312000
348.431396 0.000000
348.887329 10.368000
349.216919 10.392000
349.557495 10.368000
349.887085 10.392000
350.233154 10.360000
350.557251 10.360000
350.903320 10.400000
351.232910 10.392000
351.573486 10.336000
351.793213 10.376000
352.122803 10.360000
352.463379 10.328000
352.792969 10.304000
353.139038 10.272000
353.468628 10.304000
353.809204 10.280000
354.138794 10.168000
354.479370 10.016000
354.808960 9.944000
355.149536 0.000000
355.479126 10.048000
355.808716 10.128000
356.154785 10.088000
356.484375 10.080000
356.830444 0.000000
357.165527 0.000000
357.495117 10.072000
357.835693 0.000000
358.170776 0.000000
358.505859 0.000000
358.840942 0.000000
359.176025 0.000000
359.516602 0.000000
359.851685 0.000000
