Angle, Distance
0.170288 6.448000
0.565796 0.000000
0.780029 10.528000
1.104126 10.456000
1.433716 10.368000
1.763306 10.416000
2.092896 10.432000
2.433472 10.456000
2.763062 10.536000
3.092651 10.536000
3.416748 10.552000
3.889160 0.000000
4.092407 10.576000
4.553833 0.000000
4.921875 4.288000
5.245972 4.280000
5.575562 4.280000
5.905151 4.288000
6.229248 4.288000
6.575317 4.296000
6.904907 4.288000
7.229004 4.288000
7.542114 0.000000
7.871704 0.000000
8.206787 0.000000
8.448486 6.624000
8.871460 0.000000
9.168091 5.184000
9.497681 5.128000
9.827271 5.120000
10.151367 5.120000
10.480957 5.096000
10.827026 5.080000
11.151123 5.056000
11.480713 5.024000
11.810303 4.976000
12.139893 4.936000
12.480469 4.920000
12.854004 4.896000
13.200073 4.896000
13.529663 4.888000
13.853760 0.000000
14.183350 4.856000
14.518433 0.000000
16.029053 0.914000
16.419067 0.910000
16.748657 0.908000
17.072754 0.908000
17.402344 0.910000
17.506714 0.000000
17.682495 0.912000
17.836304 0.000000
18.012085 0.914000
18.171387 0.000000
18.341675 0.924000
18.500977 0.000000
18.836060 0.000000
19.165649 0.000000
19.495239 0.000000
19.824829 4.632000
20.154419 4.608000
20.484009 4.600000
20.824585 0.000000
21.137695 4.584000
21.489258 0.000000
21.824341 0.000000
22.027588 6.800000
22.357178 6.808000
22.686768 6.792000
23.027344 6.800000
23.356934 6.800000
23.686523 6.792000
24.010620 6.808000
24.356689 6.824000
24.686279 6.816000
25.010376 6.808000
25.339966 6.816000
25.669556 6.824000
26.015625 6.808000
26.339722 6.800000
26.669312 6.816000
26.998901 6.816000
27.339478 6.816000
27.669067 6.816000
27.998657 6.824000
28.322754 6.816000
28.795166 0.000000
28.998413 6.832000
29.262085 9.856000
29.608154 9.992000
29.932251 10.088000
30.261841 10.104000
30.591431 10.072000
30.937500 10.064000
31.261597 10.064000
31.591187 10.024000
31.920776 9.992000
32.244873 9.992000
32.590942 9.960000
32.920532 9.904000
33.447876 0.000000
33.777466 0.000000
33.920288 9.928000
34.442139 0.000000
34.777222 0.000000
35.106812 0.000000
35.249634 9.600000
35.573730 9.600000
35.903320 9.600000
36.436157 0.000000
36.765747 0.000000
36.903076 9.616000
37.430420 0.000000
37.765503 0.000000
38.095093 0.000000
38.430176 0.000000
38.759766 0.000000
39.089355 0.000000
39.424438 0.000000
39.754028 0.000000
40.045166 4.552000
40.418701 0.000000
40.753784 0.000000
41.044922 4.568000
42.280884 1.120000
42.604980 1.120000
42.994995 1.110000
43.324585 1.116000
43.604736 1.128000
43.934326 1.120000
44.324341 1.116000
44.653931 1.116000
44.934082 1.118000
45.263672 1.120000
45.593262 1.122000
45.917358 1.124000
46.246948 1.126000
46.593018 1.132000
46.730347 0.000000
46.917114 1.140000
47.246704 1.152000
47.395020 0.000000
47.916870 1.168000
48.466187 1.274000
48.795776 1.270000
49.119873 1.268000
49.465942 1.268000
49.795532 1.266000
50.119629 1.266000
50.449219 1.268000
50.778809 1.268000
51.124878 1.266000
51.448975 1.268000
51.778564 1.268000
52.108154 1.270000
52.448730 1.272000
52.778320 1.276000
53.107910 1.280000
53.437500 1.284000
53.706665 0.000000
53.778076 1.290000
54.107666 1.294000
54.717407 1.304000
54.981079 1.368000
55.310669 1.388000
55.365601 0.000000
55.640259 1.410000
55.695190 0.000000
56.030273 0.000000
56.359863 0.000000
56.694946 0.000000
57.024536 0.000000
57.359619 0.000000
57.513428 6.240000
57.843018 6.288000
58.167114 6.360000
58.496704 6.400000
58.826294 6.416000
59.166870 6.456000
59.496460 6.400000
59.826050 6.312000
60.155640 6.272000
60.479736 6.296000
60.825806 6.328000
61.342163 0.000000
61.677246 0.000000
61.809082 6.344000
62.138672 7.056000
62.468262 7.120000
62.808838 7.200000
63.138428 7.264000
63.468018 7.328000
63.792114 7.440000
64.121704 7.560000
64.451294 7.664000
64.791870 7.800000
65.121460 7.904000
65.451050 8.024000
65.780640 8.144000
66.060791 8.240000
66.654053 0.000000
66.714478 8.312000
67.318726 0.000000
67.373657 9.608000
67.714233 9.648000
68.318481 0.000000
68.373413 9.592000
68.703003 9.480000
69.027100 9.368000
69.373169 9.368000
69.702759 9.480000
70.026855 9.472000
70.356445 9.440000
70.686035 9.448000
71.015625 9.432000
71.356201 9.408000
71.685791 9.440000
72.015381 9.416000
72.339478 9.416000
72.669067 9.416000
72.998657 9.376000
73.339233 9.368000
73.668823 9.352000
73.998413 9.328000
74.328003 9.320000
74.652100 9.288000
74.998169 9.288000
75.327759 9.320000
75.651855 9.296000
75.981445 9.296000
76.311035 9.400000
76.640625 9.456000
76.981201 9.408000
77.310791 9.376000
77.640381 9.352000
77.964478 9.344000
78.294067 9.320000
78.623657 9.312000
78.964233 9.304000
79.293823 9.288000
79.623413 9.272000
79.953003 9.272000
80.277100 9.256000
80.623169 9.248000
80.952759 9.264000
81.276855 9.256000
81.606445 9.240000
81.936035 9.232000
82.265625 9.232000
82.606201 9.168000
82.935791 9.216000
83.265381 9.248000
83.589478 9.152000
83.919067 9.160000
84.248657 9.184000
84.589233 9.184000
84.918823 9.168000
85.248413 9.144000
85.578003 9.168000
85.902100 9.144000
86.248169 9.144000
86.577759 9.168000
86.901855 9.152000
87.231445 9.136000
87.561035 9.144000
87.890625 9.080000
88.231201 9.024000
88.560791 9.000000
88.890381 8.976000
89.544067 8.976000
89.571533 0.000000
89.873657 8.984000
90.214233 8.976000
90.543823 8.984000
90.873413 8.984000
91.527100 8.992000
91.565552 0.000000
92.230225 0.000000
92.559814 0.000000
92.576294 8.120000
93.224487 0.000000
93.559570 0.000000
93.576050 6.560000
94.218750 0.000000
94.553833 0.000000
94.883423 0.000000
95.218506 0.000000
95.548096 0.000000
95.668945 4.904000
96.212769 0.000000
96.328125 4.352000
96.652222 4.312000
97.212524 0.000000
97.542114 0.000000
97.651978 4.320000
98.206787 0.000000
98.536377 0.000000
98.871460 0.000000
99.201050 0.000000
99.536133 0.000000
99.865723 0.000000
100.200806 0.000000
100.530396 0.000000
100.865479 0.000000
100.903931 5.056000
101.233521 5.056000
101.557617 5.064000
101.887207 5.072000
102.233276 5.080000
102.557373 5.088000
103.189087 0.000000
103.518677 0.000000
103.853760 0.000000
104.183350 0.000000
104.518433 0.000000
104.848022 0.000000
105.183105 0.000000
105.512695 0.000000
105.842285 0.000000
106.177368 0.000000
106.506958 0.000000
106.842041 0.000000
107.171631 0.000000
107.506714 0.000000
107.836304 0.000000
108.171387 0.000000
108.451538 7.752000
108.500977 0.000000
109.165649 0.000000
109.495239 0.000000
109.830322 0.000000
110.159912 0.000000
110.494995 0.000000
110.780640 2.644000
112.214355 0.836000
112.560425 0.834000
112.890015 0.834000
113.153687 0.000000
113.214111 0.834000
113.483276 0.000000
113.543701 0.836000
113.873291 0.840000
114.147949 0.000000
114.477539 0.000000
114.812622 0.000000
114.873047 0.846000
115.142212 0.000000
115.477295 0.000000
115.806885 0.000000
116.141968 0.000000
116.471558 0.000000
116.806641 0.000000
117.136230 0.000000
117.465820 0.000000
117.800903 0.000000
118.130493 0.000000
118.465576 0.000000
118.795166 0.000000
119.130249 0.000000
119.459839 0.000000
119.794922 0.000000
120.124512 0.000000
120.459595 0.000000
120.789185 0.000000
121.118774 0.000000
121.184692 3.612000
121.530762 3.664000
121.854858 3.708000
122.448120 0.000000
122.514038 3.696000
123.112793 0.000000
123.184204 3.696000
123.513794 3.692000
123.843384 3.676000
124.442139 0.000000
124.497070 3.672000
125.106812 0.000000
125.436401 0.000000
125.716553 2.448000
126.101074 0.000000
126.156006 3.620000
126.480103 3.580000
126.809692 3.552000
127.155762 3.572000
127.479858 3.592000
127.809448 3.588000
128.139038 3.576000
128.468628 3.576000
128.809204 3.576000
129.138794 3.556000
129.468384 3.556000
130.089111 0.000000
130.358276 2.368000
130.682373 2.364000
131.083374 0.000000
131.418457 0.000000
131.451416 3.528000
131.841431 3.512000
132.171021 3.512000
132.495117 3.496000
132.824707 3.464000
133.154297 3.484000
133.494873 3.504000
133.824463 3.496000
134.154053 3.488000
134.483643 3.488000
134.807739 3.480000
135.401001 0.000000
135.483398 3.480000
135.983276 2.300000
136.400757 0.000000
136.636963 2.300000
137.059937 0.000000
137.395020 0.000000
137.466431 3.476000
137.796021 3.440000
138.120117 3.396000
138.449707 3.420000
139.053955 0.000000
139.389038 0.000000
139.449463 3.452000
140.053711 0.000000
140.383301 0.000000
140.542603 7.648000
140.712891 0.000000
140.872192 7.632000
141.218262 7.632000
142.042236 0.000000
142.377319 0.000000
142.651978 2.204000
143.041992 0.000000
143.371582 0.000000
143.635254 2.204000
143.964844 2.220000
144.310913 2.216000
144.640503 2.212000
144.964600 2.208000
145.294189 2.208000
145.623779 2.204000
145.947876 2.200000
146.293945 2.200000
146.623535 2.196000
146.953125 2.192000
147.277222 2.188000
147.606812 2.184000
147.952881 2.184000
148.276978 2.180000
148.606567 2.172000
148.936157 2.172000
149.348145 0.000000
149.606323 2.172000
150.012817 0.000000
150.347900 0.000000
150.479736 2.680000
150.825806 2.676000
151.155396 2.668000
151.479492 2.668000
151.825562 2.664000
152.155151 2.660000
152.479248 2.664000
152.808838 2.660000
153.154907 2.656000
153.479004 2.652000
153.808594 2.652000
154.154663 2.652000
154.484253 2.640000
154.808350 2.628000
155.137939 2.620000
155.484009 2.616000
155.808105 2.596000
156.137695 2.580000
156.483765 2.572000
156.807861 2.568000
157.137451 2.552000
157.467041 2.528000
157.983398 0.000000
158.318481 0.000000
158.466797 2.504000
158.983154 0.000000
159.312744 0.000000
159.647827 0.000000
159.977417 0.000000
160.307007 0.000000
160.642090 0.000000
160.971680 0.000000
161.306763 0.000000
161.636353 0.000000
161.971436 0.000000
162.301025 0.000000
162.636108 0.000000
162.965698 0.000000
163.300781 0.000000
163.630371 0.000000
163.965454 0.000000
164.124756 2.712000
164.448853 2.688000
164.794922 2.672000
165.124512 2.664000
165.448608 2.652000
165.778198 2.640000
166.124268 2.628000
166.448364 2.620000
166.777954 2.612000
167.124023 2.596000
167.448120 2.584000
167.777710 2.572000
168.107300 2.564000
168.447876 2.560000
168.777466 2.556000
169.107056 2.552000
169.436646 2.548000
169.777222 2.552000
170.106812 2.552000
170.436401 2.552000
170.776978 2.548000
171.106567 2.544000
171.436157 2.544000
171.760254 2.552000
172.106323 2.560000
172.435913 2.604000
172.930298 0.000000
173.259888 0.000000
173.594971 0.000000
173.765259 7.400000
173.924561 0.000000
174.089355 7.392000
174.418945 7.376000
174.765015 7.384000
175.089111 7.400000
175.418701 7.376000
175.764771 7.360000
176.088867 7.376000
176.418457 7.384000
176.748047 7.376000
177.088623 7.376000
177.418213 7.336000
177.747803 7.320000
178.088379 7.328000
178.417969 7.304000
178.747559 7.304000
179.077148 7.320000
179.417725 7.336000
179.747314 7.296000
180.076904 7.264000
180.900879 0.000000
181.076660 7.240000
181.230469 0.000000
181.406250 7.264000
181.746826 7.280000
182.076416 7.344000
182.406006 7.352000
182.746582 7.336000
183.076172 7.320000
183.405762 7.288000
183.729858 7.304000
184.075928 7.344000
184.405518 7.352000
184.729614 7.368000
185.059204 7.360000
185.405273 7.360000
185.729370 7.384000
186.058960 7.384000
186.405029 7.384000
186.729126 7.392000
187.058716 7.408000
187.388306 7.416000
187.734375 7.408000
188.058472 7.424000
188.388062 7.424000
188.734131 7.440000
189.058228 7.432000
189.387817 7.424000
190.057983 6.952000
190.200806 0.000000
190.717163 7.416000
190.865479 0.000000
191.057739 7.424000
191.387329 7.464000
191.716919 7.488000
192.046509 7.480000
192.387085 7.456000
192.716675 7.456000
193.046265 7.488000
193.386841 7.504000
193.716431 7.512000
194.046021 7.512000
194.370117 7.520000
194.716187 7.536000
195.045776 7.536000
195.369873 7.536000
195.699463 7.552000
196.045532 7.552000
196.369629 7.568000
196.699219 7.600000
197.045288 7.608000
197.374878 7.600000
197.698975 7.592000
198.028564 7.640000
198.836060 0.000000
199.138184 4.600000
199.165649 0.000000
199.484253 4.592000
199.808350 4.592000
200.137939 4.576000
200.484009 4.576000
200.808105 4.568000
201.137695 4.568000
201.467285 4.560000
201.807861 4.552000
202.137451 4.552000
202.467041 4.552000
202.807617 4.536000
203.137207 4.528000
203.466797 4.536000
204.147949 0.000000
204.246826 3.148000
204.812622 0.000000
205.142212 0.000000
205.466309 4.488000
205.477295 0.000000
205.795898 4.480000
206.119995 4.480000
206.466064 4.488000
207.136230 0.000000
207.229614 3.284000
207.575684 3.268000
207.905273 3.244000
208.229370 3.228000
208.575439 3.208000
208.905029 3.192000
209.229126 3.184000
209.558716 3.164000
209.904785 3.140000
210.234375 3.132000
210.558472 3.128000
210.888062 3.116000
211.234131 3.108000
211.558228 3.092000
211.887817 3.076000
212.277832 3.068000
212.623901 3.056000
212.947998 3.040000
213.277588 3.028000
213.607178 3.024000
213.947754 3.012000
214.277344 2.996000
214.606934 2.980000
214.953003 2.968000
215.277100 2.956000
215.606689 2.952000
215.952759 2.944000
216.276855 2.936000
216.606445 2.928000
216.952515 2.916000
217.276611 2.900000
217.606201 2.892000
217.952271 2.880000
218.276367 2.872000
218.605957 2.864000
218.952026 2.856000
219.276123 2.848000
219.605713 2.840000
219.951782 2.836000
220.275879 2.828000
220.605469 2.820000
220.951538 2.816000
221.281128 2.808000
221.605225 2.796000
221.951294 2.788000
222.280884 2.788000
222.604980 2.776000
222.934570 2.764000
223.280640 2.756000
223.604736 2.760000
223.934326 2.760000
224.280396 2.752000
224.604492 2.744000
224.934082 2.740000
225.280151 2.736000
225.670166 2.724000
225.999756 2.720000
226.323853 2.716000
226.669922 2.708000
226.999512 2.700000
227.323608 2.704000
227.669678 2.724000
227.933350 2.740000
228.279419 2.744000
228.609009 2.744000
228.933105 2.740000
229.279175 2.744000
229.608765 2.748000
229.932861 2.748000
230.322876 2.716000
230.652466 2.720000
230.932617 2.756000
231.278687 2.752000
231.608276 2.752000
232.042236 0.000000
232.278442 2.752000
232.706909 0.000000
233.041992 0.000000
233.371582 0.000000
233.706665 0.000000
234.036255 0.000000
234.371338 0.000000
234.700928 0.000000
235.030518 0.000000
235.365601 0.000000
235.695190 0.000000
236.030273 0.000000
236.359863 0.000000
236.694946 0.000000
237.024536 0.000000
237.359619 0.000000
237.689209 0.000000
238.024292 0.000000
238.353882 0.000000
238.683472 0.000000
239.018555 0.000000
239.348145 0.000000
239.683228 0.000000
240.012817 0.000000
240.347900 0.000000
240.677490 0.000000
241.012573 0.000000
241.342163 0.000000
241.677246 0.000000
242.006836 0.000000
242.341919 0.000000
242.671509 0.000000
243.001099 0.000000
243.336182 0.000000
243.665771 0.000000
244.000854 0.000000
244.330444 0.000000
244.665527 0.000000
244.995117 0.000000
245.330200 0.000000
245.659790 0.000000
245.994873 0.000000
246.324463 0.000000
246.654053 0.000000
246.989136 0.000000
247.318726 0.000000
247.653809 0.000000
247.983398 0.000000
248.318481 0.000000
248.648071 0.000000
248.983154 0.000000
249.312744 0.000000
249.647827 0.000000
249.977417 0.000000
250.307007 0.000000
250.642090 0.000000
250.971680 0.000000
251.306763 0.000000
251.636353 0.000000
251.971436 0.000000
252.301025 0.000000
252.636108 0.000000
252.965698 0.000000
253.630371 0.000000
253.965454 0.000000
254.014893 1.160000
254.295044 0.000000
254.624634 0.000000
254.959717 0.000000
255.289307 0.000000
255.624390 0.000000
255.953979 0.000000
256.289062 0.000000
256.618652 0.000000
256.953735 0.000000
257.283325 0.000000
257.618408 0.000000
257.947998 0.000000
258.277588 0.000000
258.612671 0.000000
258.942261 0.000000
259.277344 0.000000
259.606934 0.000000
259.942017 0.000000
260.271606 0.000000
260.606689 0.000000
260.936279 0.000000
261.271362 0.000000
261.403198 5.472000
261.749268 5.360000
262.073364 5.256000
262.402954 5.152000
262.749023 5.048000
263.073120 4.976000
263.468628 4.904000
263.809204 4.808000
264.138794 4.712000
264.468384 4.616000
264.808960 4.544000
265.138550 4.480000
265.468140 4.416000
265.808716 4.336000
266.138306 4.248000
266.484375 4.192000
266.808472 4.132000
267.198486 4.064000
267.577515 0.000000
267.912598 0.000000
268.242188 0.000000
268.527832 3.836000
268.873901 3.816000
269.197998 3.800000
269.544067 3.796000
269.873657 3.784000
270.197754 3.772000
270.543823 3.768000
270.873413 3.768000
271.203003 3.760000
271.543579 3.748000
271.873169 3.760000
272.213745 3.756000
272.559814 0.000000
272.894897 0.000000
273.224487 0.000000
273.559570 0.000000
273.889160 0.000000
274.218750 0.000000
274.553833 0.000000
274.883423 0.000000
275.218506 0.000000
275.548096 0.000000
275.883179 0.000000
276.212769 0.000000
276.547852 0.000000
276.877441 0.000000
277.212524 0.000000
277.542114 0.000000
277.871704 0.000000
278.206787 0.000000
278.536377 0.000000
278.871460 0.000000
279.201050 0.000000
279.536133 0.000000
279.865723 0.000000
280.277710 3.304000
280.607300 3.300000
280.936890 3.316000
281.277466 3.324000
281.607056 3.312000
281.936646 3.300000
282.277222 3.304000
282.606812 3.308000
282.936401 3.300000
283.276978 3.288000
283.606567 3.284000
283.952637 3.276000
284.276733 3.276000
284.606323 3.272000
284.848022 0.000000
285.276489 3.268000
285.512695 0.000000
285.842285 0.000000
286.177368 0.000000
286.605835 3.268000
286.951904 3.276000
287.276001 3.276000
287.605591 3.280000
287.951660 3.280000
288.281250 3.284000
288.605347 3.292000
288.951416 3.296000
289.281006 3.296000
289.605103 3.300000
289.951172 3.312000
290.280762 3.320000
290.604858 3.320000
290.950928 3.336000
291.280518 3.344000
291.604614 3.344000
291.950684 3.352000
292.280273 3.364000
292.604370 3.372000
292.950439 3.376000
293.280029 3.396000
293.604126 3.400000
293.950195 3.408000
294.279785 3.420000
294.620361 3.424000
294.949951 3.428000
295.279541 3.436000
295.620117 3.440000
295.949707 3.448000
296.279297 3.448000
296.619873 3.460000
296.949463 3.472000
297.279053 3.476000
297.619629 3.480000
297.949219 3.488000
298.278809 3.496000
298.624878 3.508000
298.888550 3.524000
299.229126 3.532000
299.558716 3.540000
299.888306 3.556000
300.234375 3.568000
300.558472 3.576000
300.888062 3.584000
301.234131 3.600000
301.558228 3.612000
301.887817 3.624000
302.233887 3.636000
302.557983 3.652000
302.904053 3.668000
303.233643 3.680000
303.557739 3.684000
303.903809 3.700000
304.233398 3.716000
304.442139 0.000000
304.777222 0.000000
305.233154 3.728000
305.436401 0.000000
305.733032 6.288000
306.057129 6.304000
306.403198 6.288000
306.732788 6.288000
307.062378 6.272000
307.402954 6.240000
307.732544 6.304000
308.062134 6.336000
308.430176 0.000000
308.759766 0.000000
309.061890 6.312000
309.424438 0.000000
309.754028 0.000000
310.061646 7.280000
310.402222 7.272000
310.753784 0.000000
311.061401 7.264000
311.418457 0.000000
311.731567 7.208000
312.077637 7.200000
312.401733 7.176000
312.731323 7.176000
313.077393 7.184000
313.406982 0.000000
313.742065 0.000000
314.077148 7.184000
314.340820 9.712000
314.686890 9.712000
315.010986 9.672000
315.340576 9.672000
315.686646 9.672000
316.010742 9.640000
316.356812 9.672000
316.686401 9.736000
317.010498 9.720000
317.395020 0.000000
317.724609 0.000000
318.059692 0.000000
318.389282 0.000000
318.795776 5.400000
319.136353 5.384000
319.465942 5.360000
319.795532 5.328000
320.136108 5.336000
320.465698 5.320000
320.795288 5.288000
321.135864 5.280000
321.465454 5.240000
321.795044 5.176000
322.135620 5.096000
322.377319 0.000000
322.706909 0.000000
323.041992 0.000000
323.371582 0.000000
323.706665 0.000000
324.036255 0.000000
324.371338 0.000000
324.700928 0.000000
325.030518 0.000000
325.365601 0.000000
325.695190 0.000000
326.030273 0.000000
326.359863 0.000000
326.694946 0.000000
327.024536 0.000000
327.359619 0.000000
327.689209 0.000000
328.024292 0.000000
328.463745 5.920000
328.683472 0.000000
329.199829 4.624000
329.348145 0.000000
329.683228 0.000000
330.012817 0.000000
330.479736 5.808000
330.809326 5.808000
331.138916 5.808000
331.479492 5.800000
331.677246 0.000000
332.199097 4.536000
332.341919 0.000000
332.808838 5.760000
333.138428 5.752000
333.479004 5.704000
333.808594 5.696000
334.138184 5.712000
334.330444 0.000000
334.665527 0.000000
335.137939 5.768000
335.484009 5.720000
335.808105 5.704000
336.154175 5.712000
336.483765 5.712000
336.807861 5.696000
337.153931 5.744000
337.318726 0.000000
337.653809 0.000000
337.983398 0.000000
338.483276 5.768000
338.807373 5.768000
339.153442 5.784000
339.483032 5.776000
339.647827 0.000000
340.153198 5.752000
340.307007 0.000000
340.642090 0.000000
341.136475 5.768000
341.482544 5.768000
341.812134 5.800000
342.136230 5.784000
342.465820 5.760000
342.636108 0.000000
343.125000 5.760000
343.300781 0.000000
343.839111 4.680000
344.185181 4.688000
344.295044 0.000000
344.624634 0.000000
345.168457 4.672000
345.498047 4.680000
345.827637 4.688000
346.168213 4.696000
346.289062 0.000000
346.618652 0.000000
347.151489 4.696000
347.437134 5.248000
347.761230 5.240000
348.090820 5.232000
348.420410 5.232000
348.750000 5.240000
349.090576 5.256000
349.420166 5.256000
349.606934 0.000000
350.073853 5.256000
350.403442 5.256000
350.749512 5.264000
351.073608 5.264000
351.403198 5.272000
351.732788 5.288000
351.936035 5.288000
352.276611 5.264000
352.606201 5.256000
352.935791 5.264000
353.265381 5.272000
353.594971 0.000000
353.935547 5.280000
354.265137 5.280000
354.589233 5.288000
354.924316 0.000000
355.248413 5.320000
355.588989 0.000000
355.918579 0.000000
356.248169 0.000000
356.808472 2.872000
356.912842 0.000000
357.467651 2.888000
357.577515 0.000000
357.912598 0.000000
358.242188 0.000000
358.577271 0.000000
358.906860 0.000000
359.241943 0.000000
359.571533 0.000000
359.901123 0.000000
