Angle, Distance
0.043945 8.320000
0.401001 8.320000
0.747070 8.328000
1.093140 8.312000
1.433716 8.344000
1.779785 8.400000
2.136841 8.480000
2.554321 0.000000
2.900391 0.000000
3.246460 0.000000
3.592529 0.000000
3.938599 0.000000
4.498901 3.152000
4.839478 3.112000
5.185547 3.104000
5.526123 3.120000
5.872192 3.128000
6.218262 3.112000
6.575317 3.108000
6.707153 0.000000
7.053223 0.000000
7.608032 3.140000
7.739868 0.000000
8.031006 10.016000
8.371582 10.000000
8.717651 10.000000
9.124146 0.000000
9.404297 10.024000
9.816284 0.000000
10.162354 0.000000
10.557861 5.384000
10.854492 0.000000
11.200562 6.576000
11.546631 6.648000
11.892700 0.000000
12.293701 5.472000
12.639771 5.440000
12.930908 0.000000
13.276978 0.000000
13.683472 5.392000
14.309692 2.544000
14.315186 0.000000
14.996338 2.584000
15.007324 0.000000
15.748901 2.392000
16.040039 0.000000
16.089478 2.380000
16.386108 0.000000
16.732178 0.000000
17.078247 0.000000
17.424316 0.000000
17.770386 0.000000
18.462524 0.000000
18.528442 2.448000
19.154663 0.000000
19.215088 2.456000
19.857788 2.492000
20.198364 2.544000
20.544434 2.608000
20.901489 2.632000
21.247559 2.632000
21.593628 2.652000
21.934204 2.664000
22.280273 2.684000
22.620850 2.716000
22.983398 2.732000
23.263550 2.744000
23.302002 0.000000
23.648071 0.000000
24.356689 2.504000
24.713745 2.508000
25.059814 2.496000
25.405884 2.476000
25.746460 2.468000
26.092529 2.460000
26.499023 2.456000
26.839600 2.448000
27.185669 2.440000
27.542725 2.428000
27.888794 2.424000
28.229370 2.424000
28.575439 2.432000
28.921509 2.420000
29.278564 2.392000
29.624634 2.388000
29.965210 2.364000
30.311279 2.340000
30.651855 2.344000
31.014404 2.352000
31.354980 2.368000
31.602173 0.000000
31.701050 2.388000
31.948242 0.000000
32.294312 0.000000
32.810669 4.464000
33.167725 4.456000
33.513794 4.464000
33.854370 4.464000
34.200439 4.456000
34.557495 4.448000
34.903564 4.448000
35.062866 0.000000
35.590210 4.440000
35.755005 0.000000
36.293335 4.896000
36.639404 4.912000
36.996460 4.904000
37.342529 4.912000
37.683105 4.904000
37.831421 0.000000
38.171997 0.000000
38.518066 0.000000
38.902588 9.312000
39.210205 0.000000
39.605713 9.032000
39.951782 9.032000
40.308838 9.024000
40.654907 9.056000
40.995483 9.024000
41.341553 9.024000
41.698608 9.040000
42.044678 9.040000
42.385254 9.096000
42.731323 9.240000
43.088379 9.288000
43.434448 9.224000
43.780518 9.144000
44.137573 9.192000
44.483643 9.184000
44.824219 9.064000
45.170288 9.008000
45.527344 8.976000
45.873413 8.992000
46.213989 9.000000
46.560059 9.120000
46.917114 9.264000
47.263184 9.304000
47.609253 9.344000
47.949829 9.360000
48.202515 0.000000
48.652954 9.224000
48.999023 9.160000
49.240723 0.000000
49.586792 0.000000
50.042725 9.272000
50.278931 0.000000
50.625000 0.000000
51.152344 7.392000
51.498413 7.328000
51.838989 7.328000
52.185059 7.352000
52.355347 0.000000
52.701416 0.000000
53.047485 0.000000
53.701172 4.472000
54.041748 4.368000
54.387817 4.280000
54.733887 4.216000
55.090942 4.148000
55.480957 4.084000
55.843506 4.024000
56.184082 3.972000
56.530151 3.912000
56.887207 3.832000
57.233276 3.760000
57.573853 3.700000
57.919922 3.648000
58.276978 3.600000
58.623047 3.560000
58.963623 3.520000
59.370117 3.472000
59.617310 0.000000
59.716187 3.436000
59.963379 0.000000
60.765381 3.388000
61.105957 3.344000
61.468506 3.320000
61.809082 3.312000
62.155151 3.304000
62.495728 3.292000
62.858276 3.280000
63.198853 3.268000
63.544922 3.256000
63.901978 3.244000
64.248047 3.240000
64.588623 3.224000
64.934692 3.216000
65.280762 3.204000
65.621338 3.192000
65.983887 3.188000
66.324463 3.172000
66.670532 3.148000
67.011108 3.144000
67.357178 3.144000
67.697754 3.136000
68.060303 3.128000
68.400879 3.120000
68.746948 3.112000
69.093018 3.104000
69.433594 3.100000
69.779663 3.092000
70.136719 3.084000
70.482788 3.076000
70.889282 3.072000
71.229858 3.064000
71.575928 3.056000
71.916504 3.056000
72.262573 3.056000
72.608643 3.052000
72.949219 3.052000
73.311768 3.044000
73.652344 3.040000
73.998413 3.048000
74.338989 3.048000
74.685059 3.056000
75.031128 3.068000
75.179443 0.000000
75.327759 3.088000
75.525513 0.000000
75.871582 0.000000
76.761475 2.920000
77.107544 2.924000
77.250366 0.000000
77.464600 2.924000
78.651123 1.380000
78.997192 1.374000
79.354248 1.370000
79.749756 1.364000
80.090332 1.350000
80.452881 1.336000
80.793457 1.336000
81.139526 1.338000
81.480103 1.340000
81.826172 1.346000
82.166748 1.348000
82.529297 1.352000
82.787476 0.000000
82.869873 1.356000
83.215942 1.364000
83.479614 0.000000
83.512573 1.374000
84.199219 1.390000
84.841919 1.480000
85.182495 1.462000
85.588989 1.440000
85.935059 1.428000
86.281128 1.422000
86.621704 1.412000
86.967773 1.392000
87.308350 1.386000
87.670898 1.392000
88.011475 1.386000
88.357544 1.380000
88.698120 1.376000
89.044189 1.374000
89.450684 1.364000
89.747314 1.370000
90.093384 1.376000
90.433960 1.376000
90.780029 1.376000
91.120605 1.372000
91.466675 1.374000
91.823730 1.374000
92.169800 1.376000
92.510376 1.376000
92.856445 1.380000
93.202515 1.386000
93.543091 1.388000
93.905640 1.390000
94.246216 1.396000
94.592285 1.408000
94.932861 1.404000
95.278931 1.410000
95.625000 1.426000
95.982056 1.426000
96.328125 1.434000
96.668701 1.444000
96.948853 1.454000
96.965332 0.000000
97.311401 1.466000
97.311401 0.000000
97.651978 1.490000
97.657471 0.000000
98.003540 0.000000
98.349609 0.000000
99.041748 5.312000
99.387817 5.296000
99.387817 0.000000
100.200806 3.856000
100.546875 3.908000
100.887451 3.960000
101.112671 0.000000
101.233521 4.012000
102.150879 0.000000
102.496948 0.000000
102.529907 1.424000
102.826538 1.450000
102.843018 0.000000
104.260254 1.422000
104.606323 1.424000
104.952393 1.434000
105.265503 0.000000
105.292969 1.446000
105.573120 1.458000
105.611572 0.000000
105.919189 1.488000
105.957642 0.000000
106.303711 0.000000
106.649780 0.000000
107.325439 5.176000
107.671509 5.232000
108.012085 5.224000
108.358154 5.224000
108.698730 5.200000
109.044800 5.192000
109.385376 5.176000
109.731445 5.216000
109.758911 0.000000
110.418091 5.872000
110.451050 0.000000
110.797119 0.000000
111.450806 5.856000
111.489258 0.000000
113.214111 1.034000
113.560181 1.032000
113.906250 1.028000
114.246826 1.026000
114.592896 1.026000
114.933472 1.028000
114.944458 0.000000
115.279541 1.032000
115.620117 1.034000
115.636597 0.000000
115.966187 1.038000
115.982666 0.000000
116.328735 0.000000
116.652832 1.048000
116.674805 0.000000
117.020874 0.000000
117.366943 0.000000
117.713013 0.000000
118.059082 0.000000
118.405151 0.000000
118.981934 7.992000
119.328003 7.984000
119.668579 7.960000
120.014648 7.936000
120.135498 0.000000
120.717773 7.944000
120.827637 0.000000
121.173706 0.000000
121.865845 0.000000
121.920776 3.676000
122.211914 0.000000
122.898560 0.000000
123.167725 2.448000
123.244629 0.000000
123.980713 3.840000
124.282837 0.000000
124.326782 3.808000
124.974976 0.000000
125.013428 3.772000
125.321045 0.000000
125.667114 0.000000
126.359253 0.000000
126.386719 3.724000
127.073364 3.688000
127.397461 0.000000
127.435913 3.864000
128.089600 0.000000
128.276367 2.496000
128.435669 0.000000
128.781738 0.000000
129.495850 3.776000
129.841919 3.756000
130.182495 3.736000
130.528564 3.720000
130.874634 3.700000
131.215210 3.688000
131.544800 0.000000
131.561279 3.688000
132.236938 0.000000
132.308350 3.508000
132.583008 0.000000
133.275146 0.000000
133.291626 3.520000
133.621216 0.000000
134.313354 0.000000
134.544067 2.400000
135.010986 3.624000
135.357056 3.612000
135.703125 3.608000
136.043701 3.600000
136.389771 3.596000
136.730347 3.596000
137.076416 3.580000
137.416992 3.576000
137.763062 3.520000
138.169556 3.464000
138.460693 0.000000
138.515625 3.480000
138.806763 0.000000
139.498901 0.000000
139.718628 2.364000
139.844971 0.000000
140.526123 3.552000
140.872192 3.540000
141.218262 3.528000
141.558838 3.520000
141.904907 3.524000
142.245483 3.524000
142.591553 3.524000
142.932129 3.544000
142.959595 0.000000
143.684692 3.432000
143.997803 0.000000
144.030762 3.456000
144.667969 3.520000
145.036011 0.000000
145.233765 2.332000
145.722656 0.000000
145.920410 2.340000
147.843018 0.754000
148.183594 0.746000
148.590088 0.734000
148.936157 0.728000
149.326172 0.722000
149.683228 0.716000
150.029297 0.714000
150.369873 0.712000
150.715942 0.710000
151.062012 0.708000
151.402588 0.708000
151.748657 0.706000
152.089233 0.704000
152.435303 0.704000
152.775879 0.704000
153.121948 0.704000
153.468018 0.704000
153.808594 0.706000
154.154663 0.706000
154.495239 0.708000
154.841309 0.710000
155.198364 0.712000
155.544434 0.716000
155.890503 0.716000
156.231079 0.718000
156.577148 0.718000
156.917725 0.716000
157.263794 0.718000
157.604370 0.720000
157.890015 0.724000
158.247070 0.724000
158.521729 0.000000
158.593140 0.726000
158.933716 0.730000
159.213867 0.000000
159.279785 0.732000
159.559937 0.000000
159.620361 0.734000
159.906006 0.000000
159.966431 0.738000
160.252075 0.000000
160.598145 0.000000
160.653076 0.744000
160.938721 0.000000
161.284790 0.000000
161.630859 0.000000
161.976929 0.000000
162.702026 2.836000
163.042603 2.828000
163.388672 2.820000
163.729248 2.816000
164.075317 2.816000
164.421387 2.812000
164.761963 2.804000
165.108032 2.804000
165.448608 2.808000
165.794678 2.808000
166.135254 2.808000
166.481323 2.804000
166.827393 2.804000
167.167969 2.812000
167.514038 2.812000
167.854614 2.808000
168.200684 2.808000
168.546753 2.804000
168.887329 2.812000
169.233398 2.816000
169.573975 2.812000
169.920044 2.808000
170.260620 2.812000
170.606689 2.816000
170.623169 0.000000
170.969238 0.000000
174.276123 0.447000
174.622192 0.443000
175.012207 0.439000
175.358276 0.437000
175.698853 0.435000
176.044922 0.433000
176.385498 0.432000
176.791992 0.430000
177.138062 0.429000
177.484131 0.428000
177.824707 0.427000
178.170776 0.426000
178.511353 0.427000
178.857422 0.429000
179.197998 0.429000
179.544067 0.429000
179.890137 0.430000
180.230713 0.431000
180.307617 0.000000
180.576782 0.431000
180.856934 0.433000
180.999756 0.000000
181.203003 0.434000
181.345825 0.000000
181.543579 0.435000
181.691895 0.000000
181.889648 0.438000
182.037964 0.000000
182.186279 0.440000
182.384033 0.000000
182.526855 0.443000
182.730103 0.000000
182.872925 0.447000
183.076172 0.000000
183.422241 0.000000
183.499146 0.454000
183.762817 0.000000
184.108887 0.000000
184.454956 0.000000
184.801025 0.000000
185.147095 0.000000
185.493164 0.000000
185.839233 0.000000
186.185303 0.000000
186.531372 0.000000
186.877441 0.000000
187.223511 0.000000
187.569580 0.000000
187.915649 0.000000
188.261719 0.000000
188.607788 0.000000
188.953857 0.000000
189.294434 5.384000
189.640503 5.304000
189.981079 5.328000
190.327148 5.352000
190.667725 5.376000
191.013794 5.376000
191.354370 5.384000
191.700439 5.400000
192.046509 5.416000
192.409058 0.000000
192.755127 0.000000
193.073730 5.440000
193.463745 4.792000
193.793335 0.000000
194.155884 4.776000
194.485474 0.000000
194.732666 8.088000
195.073242 8.120000
195.419312 8.128000
195.765381 8.128000
196.105957 8.144000
196.452026 8.160000
196.907959 0.000000
197.155151 8.176000
197.600098 0.000000
198.121948 2.824000
198.468018 2.820000
198.808594 2.816000
199.171143 2.804000
199.511719 2.796000
199.857788 2.788000
200.198364 2.780000
200.544434 2.772000
200.890503 2.768000
201.247559 2.760000
201.593628 2.744000
201.983643 2.724000
202.340698 2.704000
202.686768 2.688000
203.027344 2.676000
203.373413 2.668000
203.713989 2.664000
204.060059 2.660000
204.417114 2.652000
204.763184 2.648000
205.109253 2.644000
205.449829 2.640000
205.795898 2.640000
206.136475 2.640000
206.499023 2.636000
206.839600 2.628000
207.185669 2.628000
207.526245 2.620000
207.872314 2.616000
208.218384 2.612000
208.575439 2.608000
208.921509 2.600000
209.262085 2.592000
209.608154 2.588000
209.948730 2.584000
210.294800 2.580000
210.651855 2.572000
210.997925 2.572000
211.338501 2.568000
211.684570 2.564000
212.030640 2.560000
212.371216 2.552000
212.733765 2.548000
213.074341 2.544000
213.420410 2.540000
213.760986 2.540000
214.107056 2.536000
214.453125 2.528000
214.810181 2.524000
215.156250 2.524000
215.496826 2.524000
215.842896 2.520000
216.183472 2.516000
216.529541 2.516000
216.886597 2.492000
217.232666 2.500000
217.573242 2.524000
217.919312 2.528000
218.265381 2.540000
218.605957 2.552000
218.968506 2.568000
219.309082 2.580000
219.655151 2.588000
219.995728 2.600000
220.341797 2.608000
220.424194 0.000000
220.770264 0.000000
221.116333 0.000000
221.731567 2.480000
222.077637 2.492000
222.418213 2.500000
222.495117 0.000000
222.841187 0.000000
223.467407 2.520000
223.533325 0.000000
223.879395 0.000000
224.225464 0.000000
224.560547 5.004000
224.917603 0.000000
225.373535 3.832000
225.609741 0.000000
225.955811 0.000000
226.296387 4.984000
226.647949 0.000000
226.994019 0.000000
227.389526 4.856000
227.686157 5.112000
228.032227 0.000000
228.372803 5.128000
228.669434 8.080000
229.015503 8.144000
229.356079 8.152000
229.757080 0.000000
230.103149 0.000000
230.405273 8.088000
230.795288 0.000000
231.141357 0.000000
231.487427 0.000000
231.833496 0.000000
232.179565 0.000000
232.525635 0.000000
232.871704 0.000000
233.217773 0.000000
233.563843 0.000000
233.794556 8.216000
234.140625 8.224000
234.497681 8.216000
234.843750 8.200000
235.184326 8.208000
235.530396 8.224000
235.870972 8.232000
236.217041 8.248000
236.557617 8.288000
236.903687 8.208000
237.365112 0.000000
237.656250 8.016000
237.952881 8.320000
238.293457 8.344000
238.639526 8.360000
239.095459 0.000000
239.441528 0.000000
240.858765 1.038000
241.199341 1.032000
241.545410 1.030000
241.885986 1.026000
242.232056 1.028000
242.578125 1.030000
242.918701 1.030000
243.248291 0.000000
243.281250 1.032000
243.594360 0.000000
243.621826 1.038000
243.940430 0.000000
243.967896 1.050000
244.286499 0.000000
244.632568 0.000000
244.978638 0.000000
245.484009 3.144000
245.824585 3.200000
246.187134 3.252000
246.527710 3.284000
246.873779 3.340000
247.214355 3.404000
247.560425 3.464000
247.857056 3.516000
248.203125 3.584000
248.433838 0.000000
248.779907 0.000000
249.296265 3.280000
249.636841 3.316000
249.982910 3.364000
250.323486 3.420000
250.669556 3.464000
251.015625 3.504000
251.312256 3.556000
251.652832 3.612000
251.998901 3.668000
252.339478 3.716000
252.685547 3.768000
253.042603 3.828000
253.388672 3.900000
253.729248 3.968000
254.075317 4.040000
254.355469 4.128000
254.718018 4.192000
255.058594 4.256000
255.404663 4.336000
255.745239 4.416000
256.041870 0.000000
256.437378 4.512000
256.734009 0.000000
257.080078 0.000000
257.426147 0.000000
257.772217 0.000000
258.118286 0.000000
258.447876 5.520000
258.793945 5.664000
259.151001 5.808000
259.497070 5.952000
259.848633 0.000000
260.194702 0.000000
260.535278 0.000000
260.881348 0.000000
261.227417 0.000000
261.573486 0.000000
261.919556 0.000000
262.199707 7.912000
262.545776 7.832000
262.886353 7.768000
263.232422 7.688000
263.572998 7.616000
263.995972 0.000000
264.215698 9.024000
264.561768 9.112000
264.902344 9.128000
265.248413 9.136000
265.588989 9.144000
266.072388 0.000000
266.418457 0.000000
266.764526 0.000000
266.967773 9.016000
267.308350 9.040000
267.654419 9.040000
267.994995 8.992000
268.341064 8.968000
268.687134 8.944000
269.027710 8.928000
269.373779 8.960000
269.714355 8.960000
270.219727 0.000000
270.565796 0.000000
270.747070 8.968000
271.257935 0.000000
271.604004 0.000000
271.950073 0.000000
272.296143 0.000000
272.642212 0.000000
272.988281 0.000000
273.334351 0.000000
273.680420 0.000000
274.026489 0.000000
274.372559 0.000000
274.718628 0.000000
274.872437 9.792000
275.410767 0.000000
275.751343 0.000000
275.905151 9.432000
276.245728 9.416000
276.789551 0.000000
276.998291 6.880000
277.338867 6.848000
277.684937 6.848000
278.031006 6.856000
278.371582 6.864000
278.717651 6.872000
279.058228 6.872000
279.558105 0.000000
279.904175 0.000000
280.030518 9.528000
280.371094 9.576000
280.717163 9.544000
281.057739 9.400000
281.403809 9.360000
281.749878 9.368000
282.090454 9.384000
282.436523 9.392000
282.777100 9.408000
283.123169 9.456000
283.463745 9.424000
283.809814 9.408000
284.155884 9.448000
284.496460 9.488000
285.089722 0.000000
285.183105 9.488000
285.529175 8.840000
285.869751 8.680000
286.215820 8.624000
286.561890 8.520000
286.902466 8.352000
287.248535 8.232000
287.655029 8.104000
287.995605 8.008000
288.341675 7.952000
288.682251 7.864000
289.028320 7.744000
289.374390 7.632000
289.714966 7.512000
290.061035 7.424000
290.401611 7.360000
290.747681 7.280000
291.093750 7.232000
291.434326 7.160000
291.780396 7.072000
292.120972 6.984000
292.467041 6.880000
292.807617 6.784000
293.153687 6.704000
293.499756 6.632000
293.840332 6.552000
294.428101 0.000000
294.526978 6.488000
295.120239 0.000000
295.713501 2.022000
296.076050 2.012000
296.416626 2.014000
296.762695 2.020000
297.108765 2.028000
297.196655 0.000000
297.542725 0.000000
297.888794 0.000000
298.234863 0.000000
298.388672 5.704000
298.745728 5.648000
299.091797 5.592000
299.432373 5.536000
299.778442 5.464000
300.124512 5.408000
300.481567 5.384000
300.827637 5.368000
301.168213 5.336000
301.690063 0.000000
301.854858 5.568000
302.382202 0.000000
302.728271 0.000000
303.074341 0.000000
303.420410 0.000000
303.480835 9.568000
303.826904 9.640000
304.183960 9.712000
304.804688 0.000000
304.870605 9.776000
305.496826 0.000000
305.842896 0.000000
306.188965 0.000000
306.529541 0.000000
306.875610 0.000000
306.952515 8.408000
307.293091 8.368000
307.655640 8.368000
307.996216 8.384000
308.605957 0.000000
308.952026 0.000000
309.028931 9.664000
309.644165 0.000000
309.990234 0.000000
310.358276 3.120000
310.698853 3.076000
311.105347 3.052000
311.451416 3.044000
311.791992 3.040000
312.138062 3.040000
312.495117 3.060000
312.841187 3.052000
313.187256 3.012000
313.527832 2.980000
313.873901 2.952000
314.230957 2.936000
314.577026 2.944000
314.917603 2.948000
315.175781 0.000000
315.604248 2.944000
315.867920 0.000000
316.213989 0.000000
316.433716 5.536000
316.779785 5.544000
317.120361 5.552000
317.466431 5.592000
317.944336 0.000000
318.290405 0.000000
318.559570 4.248000
318.856201 5.472000
319.202271 5.488000
319.542847 5.568000
319.905396 5.576000
320.366821 0.000000
320.592041 5.584000
320.998535 4.360000
321.405029 0.000000
321.635742 5.568000
322.091675 0.000000
322.437744 0.000000
322.668457 5.520000
323.129883 0.000000
323.475952 0.000000
323.822021 0.000000
324.168091 0.000000
324.514160 0.000000
324.860229 0.000000
325.206299 0.000000
325.552368 0.000000
325.733643 6.904000
326.244507 0.000000
326.590576 0.000000
326.936646 0.000000
327.282715 0.000000
327.628784 0.000000
327.870483 5.616000
328.216553 5.616000
328.573608 5.672000
328.919678 5.704000
329.353638 0.000000
329.699707 0.000000
330.045776 0.000000
330.309448 5.904000
330.655518 5.968000
330.996094 6.024000
331.342163 6.096000
331.638794 6.160000
331.979370 6.208000
332.468262 0.000000
332.814331 0.000000
333.138428 4.488000
333.374634 6.440000
333.715210 6.496000
334.061279 6.560000
334.544678 0.000000
334.890747 0.000000
335.088501 6.624000
335.494995 5.552000
335.928955 0.000000
336.247559 4.456000
336.593628 4.472000
336.950684 4.488000
337.296753 4.480000
337.637329 4.464000
337.999878 0.000000
338.499756 2.904000
338.840332 2.892000
339.186401 2.892000
339.526978 2.908000
339.730225 0.000000
340.076294 0.000000
340.356445 5.032000
340.702515 5.032000
341.043091 5.040000
341.389160 5.056000
341.729736 5.056000
342.092285 5.032000
342.432861 5.032000
342.778931 5.048000
343.125000 5.032000
343.465576 5.016000
343.811646 5.024000
344.168701 5.032000
344.514771 5.032000
344.855347 5.040000
345.201416 5.040000
345.541992 5.048000
345.904541 5.040000
346.245117 5.040000
346.591187 5.040000
346.937256 5.032000
347.277832 5.040000
347.623901 5.040000
347.980957 5.032000
348.327026 5.032000
348.667603 5.040000
349.013672 5.056000
349.414673 0.000000
349.700317 5.504000
350.057373 5.504000
350.403442 5.504000
350.749512 5.496000
351.090088 5.488000
351.436157 5.480000
351.793213 5.480000
352.183228 5.472000
352.529297 5.464000
352.869873 5.472000
353.232422 5.480000
353.562012 0.000000
353.858643 7.984000
354.254150 0.000000
354.600220 0.000000
354.946289 0.000000
355.292358 0.000000
355.638428 0.000000
355.984497 0.000000
356.330566 0.000000
356.676636 0.000000
357.022705 0.000000
357.670898 2.728000
358.011475 2.720000
358.357544 2.720000
358.406982 0.000000
358.753052 0.000000
359.099121 0.000000
359.445190 0.000000
359.697876 8.344000
