Angle, Distance
0.296631 0.888000
0.637207 0.888000
0.983276 0.888000
1.323853 0.888000
1.669922 0.888000
1.999512 0.888000
2.340088 0.888000
2.400513 0.000000
2.741089 0.000000
3.372803 0.890000
3.422241 0.000000
3.713379 1.170000
3.999023 1.172000
4.339600 1.176000
4.685669 1.182000
5.015259 1.190000
5.471191 0.000000
5.811768 0.000000
6.042480 1.202000
6.492920 0.000000
6.833496 0.000000
7.174072 0.000000
7.514648 0.000000
7.591553 4.224000
7.855225 0.000000
7.932129 4.248000
8.195801 0.000000
8.261719 4.240000
8.607788 4.240000
8.948364 4.256000
9.294434 4.280000
9.640503 4.280000
9.964600 4.296000
10.310669 4.344000
10.651245 4.360000
11.343384 4.368000
11.947632 0.000000
12.183838 8.720000
12.628784 0.000000
12.870483 8.328000
12.969360 0.000000
13.216553 8.232000
13.557129 8.272000
13.650513 0.000000
14.403076 4.184000
14.749146 4.240000
15.012817 0.000000
15.089722 4.336000
15.419312 4.448000
15.765381 4.560000
16.452026 4.848000
17.061768 0.000000
17.418823 4.928000
17.742920 0.000000
18.083496 0.000000
18.435059 5.456000
18.764648 0.000000
18.995361 3.024000
19.105225 0.000000
19.341431 3.072000
19.621582 3.132000
19.967651 3.192000
20.308228 3.256000
20.654297 3.332000
20.994873 3.416000
21.324463 3.488000
21.621094 3.552000
22.296753 3.760000
22.637329 3.820000
22.857056 0.000000
23.670044 4.040000
23.878784 0.000000
24.219360 0.000000
24.900513 0.000000
25.241089 0.000000
25.581665 0.000000
25.922241 0.000000
26.262817 0.000000
26.603394 0.000000
26.905518 6.400000
26.949463 0.000000
27.290039 0.000000
27.592163 6.416000
27.630615 0.000000
28.311768 0.000000
28.965454 6.336000
28.992920 0.000000
29.311523 6.296000
29.333496 0.000000
29.652100 6.312000
29.674072 0.000000
29.981689 6.328000
30.327759 6.304000
30.668335 6.280000
31.014404 6.296000
31.354980 6.304000
31.701050 6.296000
32.733765 6.288000
33.085327 0.000000
33.354492 8.648000
33.425903 0.000000
33.700562 8.616000
34.030151 8.624000
34.107056 0.000000
34.370728 8.616000
34.716797 8.624000
35.057373 8.600000
35.403442 8.584000
35.749512 8.576000
36.776733 8.536000
37.106323 8.568000
37.172241 0.000000
37.452393 8.560000
37.512817 0.000000
37.792969 8.552000
38.139038 8.544000
38.479614 8.544000
38.825684 8.592000
40.242920 0.000000
40.583496 0.000000
40.924072 0.000000
41.264648 0.000000
41.605225 0.000000
41.945801 0.000000
42.286377 0.000000
42.626953 0.000000
42.967529 0.000000
43.198242 3.160000
43.308105 0.000000
43.434448 4.596000
43.648682 0.000000
43.780518 4.576000
44.121094 4.568000
45.153809 4.528000
45.357056 0.000000
45.483398 4.512000
45.697632 0.000000
46.170044 4.536000
46.719360 0.000000
47.307129 3.264000
47.400513 0.000000
47.741089 0.000000
48.213501 4.520000
48.422241 0.000000
48.559570 4.512000
48.762817 0.000000
49.246216 4.504000
49.592285 4.392000
49.790039 0.000000
50.278931 4.472000
50.811768 0.000000
51.492920 0.000000
51.635742 4.456000
51.833496 0.000000
51.981812 4.472000
52.174072 0.000000
52.327881 4.464000
52.668457 4.448000
53.014526 4.432000
53.355103 4.424000
54.371338 4.480000
54.558105 0.000000
54.827271 3.288000
54.898682 0.000000
55.404053 4.384000
55.744629 4.408000
55.925903 0.000000
56.090698 4.416000
56.436768 4.408000
56.777344 4.424000
57.106934 4.448000
57.453003 4.448000
57.793579 4.488000
58.590088 3.320000
58.991089 0.000000
59.672241 0.000000
59.842529 4.472000
60.012817 0.000000
60.183105 4.472000
60.353394 0.000000
60.529175 4.456000
60.869751 4.472000
61.215820 4.472000
61.561890 4.488000
62.578125 4.480000
62.742920 0.000000
63.083496 0.000000
63.764648 0.000000
63.951416 4.472000
64.105225 0.000000
64.291992 4.464000
64.445801 0.000000
64.638062 4.464000
64.967651 4.472000
65.308228 4.472000
65.654297 4.496000
65.994873 4.520000
66.687012 4.504000
67.137451 3.352000
67.175903 0.000000
67.483521 3.364000
67.824097 3.376000
68.153687 3.416000
68.499756 3.400000
68.840332 3.360000
69.186401 3.376000
69.526978 3.372000
69.873047 3.364000
70.213623 3.368000
70.543213 3.372000
70.889282 3.372000
71.229858 3.372000
71.916504 3.372000
72.202148 3.932000
72.290039 0.000000
72.542725 3.940000
72.888794 3.936000
73.229370 3.940000
73.575439 3.956000
73.921509 3.972000
74.245605 4.000000
74.932251 4.044000
75.355225 0.000000
76.036377 0.000000
76.376953 0.000000
76.717529 0.000000
76.981201 3.904000
77.058105 0.000000
77.327271 3.916000
77.398682 0.000000
77.667847 3.924000
78.013916 3.932000
78.354492 3.944000
78.700562 3.948000
79.030151 3.952000
79.370728 3.956000
79.716797 3.952000
80.057373 3.956000
80.403442 3.952000
80.749512 3.960000
81.090088 3.968000
81.436157 3.968000
81.760254 3.976000
82.106323 3.976000
82.452393 3.980000
83.139038 3.988000
83.540039 0.000000
84.221191 0.000000
84.561768 0.000000
84.902344 0.000000
85.242920 0.000000
85.583496 0.000000
85.924072 0.000000
86.264648 0.000000
86.605225 0.000000
86.945801 0.000000
87.061157 1.588000
87.401733 1.578000
87.731323 1.574000
88.077393 1.572000
88.417969 1.578000
88.764038 1.580000
89.104614 1.584000
89.675903 0.000000
89.796753 1.594000
90.357056 0.000000
90.697632 0.000000
90.763550 9.336000
91.038208 0.000000
91.104126 9.400000
91.378784 0.000000
91.450195 9.440000
91.796265 9.392000
92.136841 9.376000
93.153076 9.440000
93.422241 0.000000
93.762817 0.000000
94.449463 0.000000
94.790039 0.000000
95.130615 0.000000
95.471191 0.000000
95.811768 0.000000
96.152344 0.000000
96.492920 0.000000
96.833496 0.000000
97.174072 0.000000
97.514648 0.000000
97.855225 0.000000
97.932129 9.352000
98.195801 0.000000
98.278198 9.264000
98.536377 0.000000
98.948364 9.264000
99.294434 9.216000
99.558105 0.000000
99.640503 9.224000
100.327148 9.264000
100.925903 0.000000
101.607056 0.000000
101.947632 0.000000
102.288208 0.000000
102.628784 0.000000
102.870483 4.304000
102.969360 0.000000
103.216553 4.296000
103.309937 0.000000
103.557129 4.296000
103.903198 4.288000
104.249268 4.280000
104.573364 4.272000
104.919434 4.264000
105.265503 4.256000
105.606079 4.248000
105.952148 4.232000
106.292725 4.224000
106.622314 4.224000
106.968384 4.208000
107.308960 4.208000
107.655029 4.200000
107.995605 4.192000
108.341675 4.192000
108.671265 4.176000
109.011841 4.160000
109.357910 4.152000
109.698486 4.144000
110.044556 4.144000
110.390625 4.144000
110.714722 4.152000
111.060791 4.128000
111.401367 4.112000
111.747437 4.112000
112.093506 4.104000
112.483521 4.096000
112.824097 4.092000
113.170166 4.092000
113.510742 4.088000
113.840332 4.084000
114.186401 4.072000
114.526978 4.064000
114.873047 4.072000
115.213623 4.068000
115.559692 4.060000
115.889282 4.056000
116.949463 0.000000
116.965942 1.886000
117.312012 1.874000
117.652588 1.862000
117.998657 1.866000
118.339233 1.876000
118.668823 1.878000
119.333496 0.000000
119.355469 1.888000
120.014648 0.000000
120.355225 0.000000
120.695801 0.000000
120.794678 9.176000
121.036377 0.000000
121.124268 9.096000
121.376953 0.000000
121.464844 9.104000
121.810913 9.088000
122.151489 9.048000
122.497559 9.024000
122.843628 8.984000
123.184204 8.952000
123.513794 8.944000
123.854370 8.920000
124.200439 8.880000
124.546509 8.816000
124.887085 8.880000
126.150513 0.000000
126.491089 0.000000
126.589966 9.352000
126.831665 0.000000
126.919556 9.304000
127.172241 0.000000
127.265625 9.296000
127.606201 9.280000
127.952271 9.264000
128.292847 9.248000
128.638916 9.216000
128.968506 9.168000
129.309082 9.104000
129.655151 9.040000
129.995728 8.976000
130.341797 8.936000
131.011963 8.840000
131.358032 8.832000
131.605225 0.000000
131.698608 8.872000
132.044678 8.824000
132.374268 8.840000
132.714844 8.896000
133.060913 8.912000
133.401489 8.936000
134.093628 8.960000
134.675903 0.000000
135.357056 0.000000
135.697632 0.000000
136.038208 0.000000
136.378784 0.000000
136.719360 0.000000
137.059937 0.000000
137.323608 4.384000
137.400513 0.000000
137.653198 4.392000
137.741089 0.000000
137.999268 4.408000
138.339844 4.416000
138.685913 4.432000
139.026489 4.448000
139.356079 4.464000
139.702148 4.480000
140.042725 4.496000
140.388794 4.528000
140.729370 4.544000
141.058960 4.568000
141.405029 4.600000
141.745605 4.624000
142.091675 4.632000
142.432251 4.664000
142.778320 4.688000
143.107910 4.696000
143.448486 4.704000
143.794556 4.728000
144.140625 4.744000
144.481201 4.744000
144.810791 4.760000
145.151367 4.784000
145.497437 4.800000
145.843506 4.824000
146.184082 4.856000
146.513672 4.872000
146.854248 4.904000
147.150879 4.936000
147.480469 4.960000
147.826538 5.008000
148.167114 5.048000
148.513184 5.064000
148.859253 5.072000
149.183350 5.088000
149.529419 5.120000
149.869995 5.152000
150.216064 5.168000
150.562134 5.192000
150.886230 5.232000
151.232300 5.272000
151.572876 5.312000
151.918945 5.352000
152.265015 5.392000
152.605591 5.440000
152.935181 5.504000
153.281250 5.544000
153.621826 5.608000
153.967896 5.672000
154.308472 5.704000
154.638062 5.792000
154.984131 5.856000
155.324707 5.880000
155.670776 5.920000
156.011353 5.976000
156.340942 6.040000
156.687012 6.128000
156.967163 6.232000
157.307739 6.344000
157.653809 6.448000
158.878784 0.000000
159.010620 6.976000
159.219360 0.000000
159.356689 7.120000
159.559937 0.000000
159.686279 7.240000
160.026855 7.248000
160.372925 7.216000
160.713501 7.200000
161.043091 7.200000
161.389160 7.176000
161.729736 7.144000
162.075806 7.136000
162.405396 7.128000
162.745972 7.104000
163.762207 7.096000
163.992920 0.000000
164.042358 9.328000
164.333496 0.000000
164.388428 9.328000
164.729004 9.312000
165.075073 9.296000
165.404663 9.288000
165.745239 9.296000
166.091309 9.272000
166.437378 9.264000
166.761475 9.264000
167.107544 9.272000
167.448120 9.264000
167.794189 9.240000
168.123779 9.272000
168.464355 9.328000
168.810425 9.328000
169.151001 9.256000
169.826660 9.248000
170.469360 0.000000
170.513306 9.488000
170.842896 9.496000
171.150513 0.000000
172.172241 0.000000
172.512817 0.000000
172.853394 0.000000
173.199463 0.000000
173.540039 0.000000
173.880615 0.000000
174.221191 0.000000
174.561768 0.000000
174.902344 0.000000
175.242920 0.000000
175.583496 0.000000
175.924072 0.000000
175.951538 9.672000
176.264648 0.000000
176.281128 9.592000
176.605225 0.000000
176.621704 9.432000
176.967773 9.384000
177.984009 9.416000
178.308105 0.000000
178.648682 0.000000
179.335327 0.000000
179.675903 0.000000
180.016479 0.000000
180.357056 0.000000
180.357056 9.512000
180.697632 0.000000
180.703125 9.488000
181.038208 0.000000
181.043701 9.480000
181.389771 9.392000
181.713867 9.288000
182.059937 9.272000
182.406006 9.272000
182.746582 9.264000
183.076172 9.280000
183.416748 9.288000
183.762817 9.296000
184.108887 9.296000
184.432983 9.280000
184.779053 9.296000
185.119629 9.376000
186.135864 8.304000
186.492920 0.000000
186.542358 8.104000
186.833496 0.000000
186.871948 7.952000
187.218018 7.800000
187.558594 7.624000
187.904663 7.464000
188.234253 7.352000
188.574829 7.248000
188.920898 7.104000
189.261475 6.968000
190.277710 6.624000
190.585327 0.000000
190.623779 6.512000
190.925903 0.000000
190.947876 6.424000
191.293945 6.312000
191.640015 6.168000
192.030029 6.040000
192.370605 6.008000
193.046265 5.792000
193.386841 5.720000
193.650513 0.000000
193.732910 5.632000
194.073486 5.528000
194.403076 5.424000
194.749146 5.336000
195.089722 5.256000
195.435791 5.168000
195.765381 5.096000
196.105957 5.056000
196.452026 5.024000
196.792603 4.960000
197.528687 4.880000
198.083496 0.000000
198.479004 6.144000
198.764648 0.000000
199.105225 0.000000
199.451294 7.088000
199.786377 0.000000
200.126953 0.000000
200.808105 0.000000
201.093750 2.880000
201.148682 0.000000
201.434326 2.836000
201.494751 0.000000
201.763916 2.828000
202.104492 2.812000
202.450562 2.788000
202.796631 2.784000
203.120728 2.784000
203.466797 2.780000
203.807373 2.780000
204.153442 2.788000
204.483032 2.808000
204.823608 2.844000
205.856323 9.112000
205.922241 0.000000
206.262817 0.000000
206.526489 8.528000
206.603394 0.000000
206.872559 8.680000
207.290039 0.000000
207.542725 8.728000
207.888794 9.128000
208.311768 0.000000
208.575439 9.160000
209.333496 0.000000
209.745483 2.056000
210.014648 0.000000
210.091553 2.060000
211.036377 0.000000
211.376953 0.000000
211.624146 9.008000
211.717529 0.000000
212.058105 0.000000
212.074585 4.952000
212.398682 0.000000
212.481079 4.912000
212.810669 4.896000
213.151245 4.896000
213.843384 4.904000
214.447632 0.000000
215.128784 0.000000
215.469360 0.000000
215.809937 0.000000
215.870361 4.896000
216.150513 0.000000
216.216431 4.904000
216.491089 0.000000
216.562500 4.880000
216.886597 4.880000
217.232666 4.896000
217.968750 3.572000
218.540039 0.000000
219.221191 0.000000
219.561768 0.000000
219.902344 0.000000
219.951782 4.696000
220.242920 0.000000
220.583496 0.000000
221.264648 0.000000
221.605225 0.000000
221.945801 0.000000
222.286377 0.000000
222.626953 0.000000
222.670898 4.840000
222.967529 0.000000
223.011475 4.832000
223.308105 0.000000
224.044189 4.808000
224.335327 0.000000
224.390259 4.784000
224.675903 0.000000
225.060425 4.784000
225.697632 0.000000
226.137085 3.536000
226.378784 0.000000
226.417236 4.744000
226.719360 0.000000
226.763306 4.744000
227.109375 4.736000
227.449951 4.728000
227.796021 4.680000
228.120117 4.616000
228.466187 4.648000
229.152832 4.720000
229.608765 3.496000
229.790039 0.000000
230.169067 4.680000
230.515137 4.680000
230.811768 0.000000
230.855713 4.680000
231.201782 4.680000
231.542358 4.664000
231.871948 4.616000
232.218018 4.624000
232.558594 4.656000
233.355103 3.488000
233.876953 0.000000
233.920898 4.648000
234.261475 4.640000
234.558105 0.000000
234.607544 4.632000
234.948120 4.632000
235.294189 4.624000
235.623779 4.616000
235.964355 4.592000
236.310425 4.584000
236.651001 4.600000
237.326660 4.608000
237.969360 0.000000
238.463745 3.456000
238.650513 0.000000
238.809814 3.464000
238.991089 0.000000
239.155884 3.464000
239.479980 3.464000
239.826050 3.464000
240.166626 3.460000
240.512695 3.452000
240.858765 3.452000
241.199341 3.452000
241.528931 3.456000
241.875000 3.456000
242.495728 3.964000
242.841797 3.960000
243.083496 0.000000
243.182373 3.960000
243.528442 3.956000
243.858032 3.956000
244.198608 3.952000
244.544678 3.948000
244.885254 3.952000
245.231323 3.948000
245.577393 3.948000
245.901489 3.944000
246.247559 3.948000
246.593628 3.952000
246.934204 3.944000
247.280273 3.936000
247.604370 3.936000
247.950439 3.940000
248.296509 3.936000
248.637085 3.924000
248.983154 3.920000
249.823608 2.596000
250.241089 0.000000
250.839844 2.596000
250.922241 0.000000
251.026611 3.924000
251.262817 0.000000
251.356201 3.912000
251.702271 3.912000
252.042847 3.916000
252.388916 3.912000
252.729492 3.912000
253.059082 3.912000
253.405151 3.912000
253.745728 3.904000
254.091797 3.908000
254.421387 3.912000
254.761963 3.908000
255.108032 3.908000
255.448608 3.908000
255.778198 3.908000
256.124268 3.968000
256.744995 4.312000
257.091064 4.304000
257.398682 0.000000
257.420654 4.304000
257.761230 4.304000
258.107300 4.296000
258.447876 4.296000
258.777466 4.296000
259.123535 4.288000
259.464111 4.288000
259.810181 4.288000
260.139771 4.280000
260.480347 4.280000
260.826416 4.280000
261.842651 4.328000
262.172241 0.000000
262.512817 0.000000
262.683105 8.640000
263.029175 8.608000
263.199463 0.000000
263.369751 8.600000
263.540039 0.000000
263.715820 8.488000
264.732056 8.664000
265.061646 8.616000
265.242920 0.000000
265.402222 8.616000
265.583496 0.000000
265.748291 8.616000
266.088867 8.592000
266.418457 8.504000
266.764526 8.464000
267.105103 8.496000
267.451172 8.504000
267.780762 8.512000
268.121338 8.488000
268.791504 8.416000
269.675903 0.000000
269.824219 8.336000
270.153809 8.272000
270.357056 0.000000
270.499878 8.312000
270.697632 0.000000
270.840454 8.464000
271.186523 8.672000
271.856689 8.888000
272.202759 8.888000
272.526855 8.920000
272.741089 0.000000
272.872925 9.048000
273.213501 9.032000
273.559570 9.000000
273.889160 8.992000
274.229736 8.968000
274.575806 8.912000
274.921875 8.872000
275.245972 8.856000
275.592041 8.832000
275.932617 8.824000
276.278687 8.856000
276.608276 8.872000
276.948853 8.864000
277.294922 8.856000
277.624512 8.872000
277.965088 8.888000
278.311157 8.896000
279.091187 5.304000
279.437256 5.320000
279.777832 5.352000
279.898682 0.000000
280.123901 5.392000
280.447998 5.424000
281.140137 5.472000
281.947632 0.000000
282.628784 0.000000
282.969360 0.000000
283.046265 1.192000
283.650513 0.000000
283.776855 1.148000
284.122925 1.150000
284.463501 1.154000
285.012817 0.000000
285.139160 1.160000
285.699463 0.000000
285.825806 1.164000
286.155396 1.168000
286.721191 0.000000
287.061768 0.000000
287.402344 0.000000
287.655029 4.160000
287.742920 0.000000
287.979126 4.144000
288.083496 0.000000
288.325195 4.120000
288.424072 0.000000
288.671265 4.104000
289.061279 4.092000
289.401855 4.076000
289.747925 4.044000
290.088501 4.008000
290.434570 3.988000
290.764160 3.964000
291.104736 3.944000
291.450806 3.920000
291.796875 3.896000
292.137451 3.884000
292.467041 3.868000
292.807617 3.876000
293.889771 1.808000
294.219360 0.000000
294.230347 1.800000
294.576416 1.798000
294.906006 1.802000
295.246582 1.808000
295.933228 1.816000
296.262817 0.000000
296.905518 3.584000
296.949463 0.000000
297.246094 3.580000
297.290039 0.000000
297.575684 3.576000
297.630615 0.000000
297.921753 3.580000
298.262329 3.576000
298.608398 3.572000
298.948975 3.576000
299.278564 3.568000
299.624634 3.560000
299.965210 3.556000
300.311279 3.556000
300.651855 3.552000
300.981445 3.556000
301.327515 3.560000
301.668091 3.556000
302.014160 3.544000
302.354736 3.544000
302.700806 3.544000
303.030396 3.540000
303.370972 3.544000
303.717041 3.536000
304.057617 3.536000
304.403687 3.544000
304.733276 3.540000
305.073853 3.528000
305.419922 3.520000
305.760498 3.516000
306.106567 3.528000
306.436157 3.520000
306.842651 3.504000
307.122803 3.532000
307.463379 3.544000
307.809448 3.536000
308.139038 3.544000
308.479614 3.548000
308.825684 3.544000
309.171753 3.544000
309.512329 3.552000
309.841919 3.556000
310.182495 3.552000
310.528564 3.552000
310.874634 3.552000
311.215210 3.552000
311.544800 3.552000
311.885376 3.552000
313.247681 1.958000
313.308105 0.000000
313.593750 1.942000
313.648682 0.000000
313.934326 1.928000
314.263916 1.922000
314.604492 1.918000
314.950562 1.910000
315.296631 1.900000
315.637207 1.898000
315.966797 1.900000
316.307373 1.904000
316.653442 1.910000
317.340088 1.920000
317.741089 0.000000
318.010254 1.922000
318.356323 1.932000
318.422241 0.000000
319.389038 1.944000
319.449463 0.000000
319.498901 8.496000
319.790039 0.000000
319.839478 8.496000
320.185547 8.544000
320.471191 0.000000
320.526123 8.528000
320.872192 8.520000
321.201782 8.576000
321.542358 8.584000
321.888428 8.592000
322.229004 8.624000
322.904663 8.736000
323.876953 0.000000
323.937378 8.384000
324.277954 8.696000
324.558105 0.000000
324.624023 8.728000
324.898682 0.000000
324.948120 8.704000
325.294189 8.664000
325.640259 8.616000
325.980835 8.576000
326.997070 8.568000
327.628784 0.000000
327.969360 0.000000
328.650513 0.000000
328.991089 0.000000
329.331665 0.000000
329.672241 0.000000
330.012817 0.000000
330.353394 0.000000
330.699463 0.000000
331.040039 0.000000
331.380615 0.000000
331.721191 0.000000
332.061768 0.000000
332.402344 0.000000
332.742920 0.000000
333.083496 0.000000
333.424072 0.000000
333.764648 0.000000
334.105225 0.000000
334.445801 0.000000
334.786377 0.000000
335.126953 0.000000
335.467529 0.000000
335.808105 0.000000
336.148682 0.000000
336.494751 0.000000
336.835327 0.000000
337.175903 0.000000
337.516479 0.000000
337.857056 0.000000
337.966919 7.888000
338.197632 0.000000
338.307495 7.872000
338.538208 0.000000
338.637085 7.872000
338.878784 0.000000
338.983154 7.944000
339.323730 8.088000
339.609375 8.208000
340.010376 8.192000
340.296021 8.248000
340.636597 8.400000
341.312256 8.800000
341.652832 8.808000
341.998901 8.784000
342.290039 0.000000
342.339478 8.752000
342.685547 8.760000
343.015137 8.752000
343.355713 8.720000
343.701782 8.712000
344.388428 8.696000
345.124512 6.904000
345.355225 0.000000
345.465088 6.928000
346.036377 0.000000
346.481323 6.944000
347.058105 0.000000
347.398682 0.000000
348.085327 0.000000
348.425903 0.000000
348.766479 0.000000
349.107056 0.000000
349.447632 0.000000
349.788208 0.000000
350.128784 0.000000
350.469360 0.000000
350.809937 0.000000
351.150513 0.000000
351.491089 0.000000
351.573486 1.142000
351.919556 1.134000
352.265625 1.126000
352.606201 1.118000
353.199463 1.094000
353.540039 0.000000
353.886108 1.102000
354.221191 0.000000
354.561768 0.000000
354.732056 1.244000
355.078125 1.234000
355.418701 1.238000
355.764771 1.240000
356.105347 1.242000
356.451416 1.242000
356.781006 1.242000
357.121582 1.242000
357.467651 1.250000
357.808228 1.250000
358.308105 0.000000
358.934326 0.886000
359.280396 0.888000
359.620972 0.888000
359.950562 0.888000
