Number of nodes : 45
0.775,1.275
0.800,0.888
0.800,0.112
0.800,-0.112
0.800,-0.888
0.775,-1.275
0.665,0.500
0.665,-0.000
0.665,-0.500
0.388,1.165
0.388,0.888
0.300,0.500
0.400,0.250
0.400,-0.250
0.300,-0.500
0.388,-0.888
0.388,-1.165
0.200,0.250
0.188,-0.000
0.200,-0.250
0.000,1.275
0.000,0.775
0.000,0.500
0.000,0.250
0.000,-0.000
0.000,-0.250
0.000,-0.500
0.000,-0.775
0.000,-1.275
-0.200,0.250
-0.188,-0.000
-0.200,-0.250
-0.388,1.165
-0.388,0.888
-0.300,0.500
-0.400,0.250
-0.400,-0.250
-0.300,-0.500
-0.388,-0.888
-0.388,-1.165
-0.775,1.275
-0.850,0.738
-0.665,-0.000
-0.850,-0.738
-0.775,-1.275
1,9,10
0,10,6
3,6,12,7
2,7,13,8
8,15,5
4,15,16
2,1,10,11,12,7
8,3,2,6,12,18,13
4,3,7,13,14,15
10,0,20
6,1,0,9,20,21,11
12,6,10,21,22,17
7,2,6,11,17,18
8,3,7,18,19,14
15,8,13,19,26,27
5,4,8,14,27,28,16
5,15,28
18,12,11,22,23,24
13,7,12,17,23,24,25,19
14,13,18,24,25,26
21,10,9,32,33
22,11,10,20,33,34
23,17,11,21,34,29
24,18,17,22,29,30
25,19,18,17,23,29,30,31
26,19,18,24,30,31
27,14,19,25,31,37
28,15,14,26,37,38
16,15,27,38,39
30,24,23,22,34,35
31,25,24,23,29,35,42,36
26,25,24,30,36,37
33,20,40
34,21,20,32,40,41
29,22,21,33,41,35
30,29,34,41,42
37,31,30,42,43
27,26,31,36,43,38
39,28,27,37,43,44
28,38,44
33,32,41
42,35,34,33,40
36,30,35,41,43
44,38,37,36,42
39,38,43
Bases : 44,20,5,40,28,0
Plants : 7,11,14,34,37,42
Pots : 39,16,9,32,6,8