Number of nodes : 41
0.400,0.400
0.460,0.612
0.400,1.000
0.460,1.388
0.400,2.600
0.612,1.700
0.725,1.388
0.725,1.000
0.725,0.612
0.762,0.300
1.000,0.700
1.138,1.000
1.000,1.300
1.000,1.540
1.388,1.700
1.235,1.450
1.275,1.250
1.500,1.000
1.275,0.750
1.235,0.550
1.500,0.375
1.725,0.750
1.725,1.250
1.500,1.500
1.612,1.700
1.765,1.450
1.862,1.000
1.765,0.550
2.000,0.700
2.000,1.300
2.000,1.540
2.388,1.700
2.275,1.388
2.275,1.000
2.275,0.612
2.238,0.300
2.600,0.400
2.540,0.612
2.600,1.000
2.540,1.388
2.600,1.600
8,1,9
8,2,0
7,6,3,1,8
5,4,2
5,3,6
4,6,13
13,5,4,3,2,7,12
11,12,6,2,8,10
10,7,2,1,0,9
20,19,10,8,0
18,11,7,8,9
17,16,12,7,10,18
15,13,6,7,11,16
14,5,6,12,15
24,13,15,23
23,14,13,12,16
22,23,15,12,11,17
26,22,16,11,18,21
21,17,11,10,19,20
18,10,9,20
27,21,18,19,9,35
26,17,18,20,27,28
29,25,23,16,17,26
24,14,15,16,22,25
14,23,25,30
30,24,23,22,29
33,29,22,21,28
28,21,20,35
33,26,21,27,35,34
32,30,25,22,26,33
31,24,25,29,32
30,32,40
39,40,31,30,29,33,38
38,32,29,26,28,34
37,33,28,35
36,34,28,27,20
37,34,35
38,34,36
39,32,33,34,37
40,32,38
31,32,39
Bases : 0,2,4,36,38,40
Plants : 10,12,20,23,28,29